   0.999986 6.93015e-06 6.93007e-06 4.72238e-11
   0.983786  0.00808925  0.00808822 3.68963e-05
   0.999892 5.42277e-05 5.42259e-05 2.80738e-09
   0.989444  0.00526971  0.00526827 1.75253e-05
     0.9998 9.99542e-05 9.99496e-05 9.38244e-09
   0.998304 0.000847814  0.00084771  5.9868e-07
8.75729e-05    0.499919    0.499919 7.36834e-05
   0.986166  0.00690335  0.00690209 2.80981e-05
   0.995569  0.00221376  0.00221334 3.64343e-06
   0.994976  0.00251003  0.00250953 4.59376e-06
0.00851751   0.494555   0.494554 0.00237349
  0.980934 0.00950903 0.00950832 4.8519e-05
   0.977685   0.0111261   0.0111258 6.30341e-05
   0.966153    0.016861   0.0168627 0.000123133
  0.140413    0.42687   0.426876 0.00584109
   0.993504   0.0032446  0.00324387 7.34667e-06
     0.9885  0.00574034  0.00573891 2.03732e-05
 0.00130523    0.498988    0.498988 0.000718701
   0.987046  0.00646494  0.00646361 2.50757e-05
5.88121e-11         0.5         0.5 3.52571e-11
     0.9803  0.00982446  0.00982382 5.12488e-05
  0.994778   0.002609 0.00260847 4.9323e-06
   0.976009   0.0119602   0.0119602 7.09967e-05
3.00883e-09    0.500001    0.499999 2.14409e-10
    0.99954 0.000229851 0.000229836 4.80371e-08
1.76142e-07         0.5         0.5 3.11957e-11
   0.933098    0.032974   0.0329817 0.000946508
   0.994192  0.00290145  0.00290083 5.99241e-06
   0.982171  0.00889317  0.00889231 4.33401e-05
    0.98691  0.00653285  0.00653153 2.55353e-05
    0.94529    0.027226   0.0272304 0.000253303
   0.999737 0.000131487  0.00013148 1.60875e-08
   0.996628  0.00168493  0.00168464 2.19271e-06
   0.993806  0.00309376  0.00309309 6.73701e-06
    0.97533   0.0122979    0.012298 7.43051e-05
  0.996855 0.00157154 0.00157128 1.9246e-06
1.27244e-08    0.500002    0.499998 1.99749e-10
   0.988415  0.00578309  0.00578167 2.06401e-05
   0.970821   0.0145402    0.014541 9.74071e-05
  0.992954 0.00351896 0.00351815  8.512e-06
   0.991169  0.00440986  0.00440874 1.27725e-05
   0.998083 0.000958059 0.000957934   7.557e-07
   0.993815  0.00308972  0.00308904 6.72097e-06
1.90167e-07    0.499997    0.500003 3.85112e-11
   0.994144  0.00292528  0.00292465 6.08264e-06
   0.994923  0.00253655  0.00253604 4.68345e-06
   0.948775   0.0254953   0.0254999 0.000230303
   0.969279    0.015307   0.0153081 0.000105719
 0.00138815     0.49893     0.49893 0.000752129
     0.9994  0.00030016 0.000300137 8.08162e-08
   0.994168  0.00291336  0.00291273 6.03742e-06
   0.999874 6.30688e-05 6.30666e-05 3.78375e-09
  0.352562   0.320987      0.321 0.00545173
9.50835e-06    0.499991    0.499991 8.96009e-06
 0.0250269   0.485562   0.485562 0.00384976
  0.994585 0.00270536  0.0027048 5.2718e-06
   0.998151 0.000924143 0.000924024   7.056e-07
   0.999893   5.352e-05 5.35182e-05 2.73541e-09
   0.998583 0.000708144 0.000708063 4.24322e-07
   0.997291  0.00135391  0.00135371 1.45448e-06
1.06741e-10         0.5         0.5  4.9111e-11
   0.999673 0.000163435 0.000163426 2.46512e-08
   0.999341  0.00032933 0.000329304  9.6787e-08
   0.983285  0.00833845  0.00833747 3.88541e-05
    0.94529    0.027226   0.0272304 0.000253303
   0.993256  0.00336849  0.00336772 7.86396e-06
    0.98692  0.00652799  0.00652668 2.55024e-05
  0.994374  0.0028107 0.00281011  5.654e-06
0.000755221    0.499386    0.499386 0.000472504
   0.994801  0.00259752  0.00259699 4.89248e-06
    0.96881   0.0155402   0.0155414 0.000108285
   0.982091   0.0089332  0.00893235 4.36705e-05
   0.995201  0.00239744  0.00239697 4.22136e-06
 0.0151582   0.490853   0.490853 0.00313541
   0.981115  0.00941889  0.00941815 4.77483e-05
   0.979888   0.0100296    0.010029 5.30514e-05
 0.0115321   0.492853   0.492852 0.00276294
   0.994678  0.00265897  0.00265842 5.10712e-06
   0.977336   0.0112996   0.0112994 6.46648e-05
1.43398e-10         0.5         0.5 1.48401e-11
    0.98024  0.00985449  0.00985386 5.15114e-05
   0.997917  0.00104095   0.0010408 8.84761e-07
0.000101013    0.499908    0.499908 8.39671e-05
   0.993847  0.00307355  0.00307288 6.65701e-06
   0.969424   0.0152348   0.0152359 0.000104929
     0.9883  0.00584017  0.00583876 2.09986e-05
   0.994032  0.00298111  0.00298047 6.29633e-06
6.47265e-10    0.499999    0.500001 1.31022e-10
   0.999704 0.000148197 0.000148189 2.03464e-08
   0.983125   0.0084183  0.00841733 3.94891e-05
   0.999582 0.000209233 0.000209219 3.99794e-08
   0.977227    0.011354   0.0113538 6.51794e-05
0.000519587    0.499565    0.499565 0.000349578
   0.990935  0.00452657  0.00452541 1.33821e-05
   0.983526  0.00821877  0.00821776 3.79093e-05
  0.034145    0.48078    0.48078 0.00429524
   0.995496  0.00225009  0.00224966 3.75479e-06
  0.167971   0.413059   0.413066 0.00590447
   0.994152   0.0029213  0.00292068 6.06754e-06
   0.975861   0.0120338   0.0120338 7.17134e-05
   0.988157  0.00591168  0.00591027 2.14511e-05
   0.982372  0.00879311  0.00879222 4.25181e-05
   0.964974   0.0174471    0.017449 0.000129883
   0.986274  0.00684954  0.00684828 2.77203e-05
1.42929e-08    0.500003    0.499997 1.98152e-10
   0.985496  0.00723719    0.007236 3.04853e-05
   0.987144   0.0064165  0.00641516 2.47497e-05
   0.996887  0.00155558  0.00155533 1.88813e-06
6.21918e-09    0.500002    0.499998 1.20135e-10
4.47076e-09    0.500002    0.499998 1.25405e-10
    0.99308  0.00345603  0.00345524 8.23836e-06
5.14065e-10         0.5         0.5 1.26644e-10
  0.999277 0.00036144 0.00036141 1.1595e-07
    0.99926 0.000370112 0.000370081 1.21408e-07
0.00497692   0.496632   0.496631 0.00176003
   0.959827   0.0200047   0.0200077 0.000160369
   0.976137   0.0118964   0.0118964 7.03768e-05
0.000740746    0.499397    0.499397 0.000465322
   0.999551 0.000224265 0.000224251  4.5784e-08
   0.997546  0.00122656  0.00122638 1.20718e-06
   0.999993 3.57544e-06 3.57542e-06 1.26282e-11
0.00953503   0.493975   0.493975 0.00251526
    0.98693  0.00652314  0.00652182 2.54694e-05
    0.99587  0.00206345  0.00206307 3.19839e-06
   0.983055  0.00845325   0.0084523 3.97681e-05
   0.999842 7.92205e-05 7.92173e-05 5.93426e-09
0.000400349    0.499659    0.499659  0.00028159
   0.999304 0.000347756 0.000347728 1.07582e-07
   0.996307  0.00184518  0.00184485 2.59798e-06
          1 1.22239e-07 1.22239e-07 1.49025e-14
   0.996442  0.00177775  0.00177744 2.42374e-06
5.44084e-10         0.5         0.5 9.26316e-11
3.51014e-09    0.500002    0.499998 6.03134e-11
   0.986127  0.00692293  0.00692167 2.82361e-05
  0.614558   0.190822   0.190837 0.00378253
 0.0226154   0.486841    0.48684 0.00370377
   0.999384 0.000308139 0.000308116 8.50483e-08
   0.969625   0.0151353   0.0151363 0.000103841
   0.997934   0.0010328  0.00103266 8.71668e-07
   0.986832   0.0065717  0.00657039 2.57997e-05
1.72007e-09    0.500001    0.499999 1.22386e-10
   0.978614   0.0106637   0.0106633 5.87546e-05
   0.978374   0.0107832   0.0107828 5.98512e-05
   0.999671 0.000164636 0.000164627 2.50075e-08
   0.985999  0.00698661  0.00698537 2.86867e-05
 0.0739708   0.460363   0.460364 0.00530197
   0.949568   0.0251012   0.0251059 0.000225121
  0.261334   0.366425   0.366435 0.00580602
 0.0183296   0.489134   0.489134 0.00340288
   0.993504   0.0032446  0.00324387 7.34667e-06
  0.364084   0.315254   0.315267 0.00539553
  0.989631 0.00517659 0.00517519 1.6982e-05
   0.990288  0.00484903  0.00484776 1.51251e-05
   0.978975   0.0104842   0.0104838 5.71206e-05
1.28415e-07    0.500001    0.499999 2.97309e-11
5.56416e-06    0.499995    0.499995 5.31457e-06
   0.981638  0.00915848  0.00915769 4.55462e-05
2.95296e-05    0.499972    0.499972  2.6651e-05
3.45095e-08         0.5         0.5 8.61797e-11
   0.981518  0.00921857  0.00921779 4.60511e-05
   0.975369   0.0122784   0.0122784 7.41125e-05
   0.994475  0.00275982  0.00275924 5.46795e-06
  0.993281 0.00335604 0.00335528 7.8113e-06
   0.991133  0.00442777  0.00442664 1.28653e-05
   0.976394   0.0117686   0.0117685 6.91403e-05
5.56416e-06    0.499995    0.499995 5.31457e-06
   0.998289 0.000855324 0.000855218 6.08839e-07
   0.959827   0.0200047   0.0200077 0.000160369
    0.95238   0.0237043    0.023709 0.000206933
 0.0207074   0.487858   0.487858 0.00357711
    0.99774  0.00112941  0.00112925 1.03274e-06
   0.971814   0.0140466   0.0140472 9.21622e-05
   0.953101    0.023346   0.0233507 0.000202317
  0.992435 0.00377824 0.00377734 9.6783e-06
    0.99712  0.00143946  0.00143924 1.63222e-06
   0.956784   0.0215165   0.0215202 0.000179083
     0.9759   0.0120142   0.0120142 7.15222e-05
   0.968936   0.0154776   0.0154788 0.000107595
   0.989088  0.00544759  0.00544613 1.85819e-05
1.06715e-08    0.499984    0.500016 6.27598e-11
    0.99952 0.000239777 0.000239761 5.21698e-08
   0.994824  0.00258605  0.00258552 4.85286e-06
   0.993189  0.00340176  0.00340098 8.00539e-06
   0.993072  0.00346022  0.00345942 8.25644e-06
   0.999598 0.000201236 0.000201224 3.70467e-08
   0.974655   0.0126336   0.0126337 7.76406e-05
2.52969e-10         0.5         0.5 4.17132e-11
   0.999972 1.38041e-05 1.38039e-05 1.86107e-10
   0.995577  0.00221014  0.00220972 3.63241e-06
   0.998794 0.000602887 0.000602824 3.11565e-07
   0.998314 0.000842823  0.00084272 5.91973e-07
     0.9484   0.0256815   0.0256861 0.000232759
4.02734e-06  0.00225229  0.00225196    0.995492
1.80598e-11         0.5         0.5 4.49125e-12
 0.0865645   0.453982   0.453984 0.00546932
   0.982191  0.00888316   0.0088823 4.32576e-05
    0.99975 0.000125066  0.00012506 1.45806e-08
 9.7554e-09 0.000101748 0.000101744    0.999796
    0.98409  0.00778047  0.00778402 0.000345026
   0.991667  0.00416116  0.00416012 1.15124e-05
   0.969261    0.015316   0.0153171 0.000105818
    0.99681  0.00159398  0.00159371 1.97641e-06
   0.989454  0.00526504  0.00526361 1.74979e-05
    0.99107  0.00445914  0.00445801 1.30285e-05
   0.978424   0.0107583    0.010758 5.96223e-05
   0.982161  0.00889817  0.00889731 4.33814e-05
   0.996442  0.00177775  0.00177744 2.42375e-06
   0.999384 0.000308139 0.000308116 8.50483e-08
    0.99003  0.00497763   0.0049763 1.58439e-05
    0.98831  0.00583541  0.00583399 2.09686e-05
   0.999998 8.06128e-07 8.06128e-07 6.45915e-13
   0.990663  0.00466217  0.00466096 1.41046e-05
0.000113837    0.499896    0.499896 9.36119e-05
  0.994216 0.00288956 0.00288895 5.9476e-06
   0.989172  0.00540535  0.00540389 1.83288e-05
   0.970027   0.0149352   0.0149361 0.000101665
0.000129266    0.499883    0.499883 0.000105018
5.46581e-11         0.5         0.5 3.37917e-11
   0.990944  0.00452207  0.00452091 1.33583e-05
   0.999999 6.37248e-07 6.37249e-07  4.0388e-13
   0.971222   0.0143408   0.0143416 9.52785e-05
   0.952262    0.023763   0.0237677 0.000207691
   0.998388 0.000805785 0.000805687 5.43291e-07
   0.998437  0.00078148 0.000781387 5.12402e-07
   0.999743 0.000128257 0.000128251 1.53206e-08
  0.990572 0.00470758 0.00470636  1.435e-05
1.89358e-11         0.5         0.5 2.00678e-11
   0.999979 1.03935e-05 1.03933e-05 1.05827e-10
   0.995416  0.00229029  0.00228985 3.87972e-06
   0.998041  0.00097918  0.00097905 7.87698e-07
0.00600458   0.496017   0.496017 0.00196211
1.19977e-09    0.500001    0.499999 5.95268e-11
3.25028e-14         0.5         0.5 3.22014e-14
   0.994271  0.00286188  0.00286127 5.84382e-06
   0.982302  0.00882812  0.00882726 4.28052e-05
   0.969533   0.0151806   0.0151816 0.000104336
   0.999733  0.00013366 0.000133654  1.6614e-08
   0.963027   0.0184148   0.0184171 0.000141229
0.00486374     0.4967     0.4967 0.00173622
   0.980431  0.00975938  0.00975875 5.06815e-05
 1.6429e-09         0.5         0.5 2.66165e-10
   0.985664  0.00715354  0.00715233 2.98804e-05
2.21927e-12         0.5         0.5 1.45752e-13
   0.987792  0.00609354  0.00609216 2.26185e-05
4.86597e-09    0.500001    0.499999  3.3352e-10
2.92604e-06    0.499997    0.499997 2.82894e-06
   0.987202  0.00638747  0.00638614 2.45552e-05
 0.0319614   0.481919   0.481919 0.00420118
   0.952186   0.0238004   0.0238051 0.000208174
2.83207e-09         0.5         0.5 3.07848e-10
    0.99396  0.00301718  0.00301652 6.43605e-06
   0.968479   0.0157049   0.0157061 0.000110108
9.30272e-08    0.500001    0.499999 4.09714e-11
   0.990526  0.00473033   0.0047291 1.44735e-05
   0.999654 0.000173158 0.000173148 2.76065e-08
    0.95989   0.0199737   0.0199767 0.000159991
   0.974587   0.0126675   0.0126677 7.79804e-05
   0.996713  0.00164246  0.00164219 2.09048e-06
    0.99989 5.49399e-05 5.49381e-05 2.88074e-09
 8.4327e-09    0.500001    0.499999 3.36708e-10
   0.998772 0.000613738 0.000613673 3.22435e-07
5.18135e-11         0.5         0.5 2.14738e-11
0.00392335   0.497276   0.497276 0.00152391
  0.973127  0.0133937  0.0133941 8.5359e-05
   0.987792  0.00609354  0.00609216 2.26185e-05
   0.990334  0.00482615  0.00482488 1.49986e-05
   0.984085     0.00794  0.00793894 3.57413e-05
   0.967743   0.0160705   0.0160719 0.000114184
   0.970803   0.0145494   0.0145502 9.75061e-05
   0.959058   0.0203867   0.0203898 0.000165053
   0.981809  0.00907336  0.00907254 4.48342e-05
   0.989984  0.00500067  0.00499934 1.59741e-05
   0.994747  0.00262434  0.00262381 4.98569e-06
   0.999232  0.00038418 0.000384147 1.30516e-07
   0.972031   0.0139385   0.0139392 9.10257e-05
0.00375954   0.497378   0.497378 0.00148397
  0.991392 0.00429837 0.00429729 1.2201e-05
   0.997638  0.00118044  0.00118027 1.12283e-06
    0.99939 0.000304936 0.000304913  8.3337e-08
   0.996842  0.00157794  0.00157768 1.93931e-06
 0.00102773    0.499186    0.499186 0.000600378
   0.968372   0.0157581   0.0157594 0.000110699
  0.972687  0.0136126   0.013613 8.7622e-05
   0.987753  0.00611274  0.00611136 2.27432e-05
0.0363008  0.479659  0.479658 0.0043818
   0.991383  0.00430281  0.00430173 1.22236e-05
   0.994938  0.00252896  0.00252845 4.65772e-06
   0.961004   0.0194202   0.0194229 0.000153264
   0.963576   0.0181417   0.0181439 0.000138003
   0.984025  0.00796983  0.00796878 3.59711e-05
    0.96579   0.0170416   0.0170433 0.000125203
   0.998974 0.000513061 0.000513011 2.28356e-07
   0.991852  0.00406887  0.00406787 1.10584e-05
   0.982613  0.00867309  0.00867218 4.15396e-05
   0.986822  0.00657656  0.00657525 2.58329e-05
   0.999996 1.80985e-06 1.80985e-06 3.24671e-12
   0.997327  0.00133585  0.00133564 1.41813e-06
   0.998702  0.00064902 0.000648949 3.58982e-07
2.83221e-10         0.5         0.5 1.27014e-10
