0.000851713   0.0590857    0.479563    0.459847 0.000158432 0.000153543 0.000339908 9.45905e-08
1.02645e-05     0.85347   0.0665297   0.0799301 2.31102e-05   2.143e-05 1.52297e-05 1.37309e-09
4.46216e-08 0.000342834 7.18121e-05 0.000130237    0.211626    0.111253    0.676576 2.49721e-07
    0.99528  0.00157096  0.00157096  0.00157345 1.60927e-06 1.57544e-06 1.59232e-06 1.58672e-09
   0.980321  0.00654882  0.00653872  0.00653865 1.75673e-05 1.73936e-05 1.75091e-05 3.92698e-08
   0.998442 0.000519209 0.000519622 0.000518611 2.10217e-07 2.14051e-07  2.1269e-07 8.11608e-11
    0.98978  0.00340208  0.00340117  0.00339856 6.05406e-06 6.02935e-06 6.12364e-06 9.49536e-09
   0.999965  1.1651e-05 1.16514e-05 1.16503e-05 1.50542e-10 2.04771e-10 5.46575e-10 1.47123e-14
3.66125e-07  0.00390305    0.541576    0.454134 0.000175679 0.000209418 1.51159e-06 5.75714e-08
   0.986585  0.00446379  0.00446073  0.00446156 9.49665e-06 9.41645e-06 9.56076e-06 1.75002e-08
   0.996612  0.00112798  0.00112761  0.00112988 8.94898e-07  8.9351e-07 8.82098e-07 6.43946e-10
   0.971905  0.00934702   0.0093291  0.00932849 3.02211e-05  2.9981e-05 3.00929e-05 7.90961e-08
   0.996794  0.00106748   0.0010671  0.00106932 7.96097e-07 8.07628e-07 8.07027e-07 5.52413e-10
   0.997041 0.000985404 0.000985099 0.000986667 6.94672e-07 7.08859e-07 6.89991e-07 4.85082e-10
   0.999985  4.9919e-06 4.99146e-06 4.99189e-06 1.12133e-10 9.09088e-11 9.00718e-11 4.10311e-16
   0.976035  0.00797441  0.00795761  0.00796167 2.38005e-05 2.35895e-05 2.37117e-05  5.8274e-08
1.00772e-07 0.000135018 6.21698e-06 0.000206097    0.583387   0.0196519    0.396613 3.43537e-08
   0.992171  0.00260638  0.00260548  0.00260525 3.84847e-06 3.81944e-06 3.86472e-06  5.1492e-09
   0.987722  0.00408627  0.00408363  0.00408339 8.20626e-06  8.1506e-06  8.2989e-06 1.44504e-08
   0.993043  0.00231506  0.00231456   0.0023177 3.15721e-06 3.10546e-06 3.21734e-06  4.2943e-09
3.36685e-08  0.00101644    0.521213    0.477298 0.000225974 0.000246613 5.90294e-07 3.56207e-08
   0.999801 6.62538e-05 6.62525e-05 6.62457e-05 4.08521e-09 4.80958e-09 4.34537e-09 3.53733e-13
   0.998079 0.000639992 0.000640033 0.000639566  3.5638e-07 3.31517e-07  3.1503e-07 2.15042e-10
   0.984094  0.00529182  0.00528853  0.00528824 1.25344e-05 1.24007e-05  1.2586e-05 2.53791e-08
   0.972987  0.00898965  0.00896975  0.00896849 2.84994e-05  2.8275e-05  2.8368e-05 7.34366e-08
   0.992098  0.00263106  0.00262975   0.0026291 3.91082e-06 3.88646e-06 3.92792e-06  5.2388e-09
 9.2136e-10  0.00355305    0.456101    0.539926 0.000226917 0.000191576 1.52104e-06 3.12607e-08
1.60195e-07    0.323259    0.634917   0.0417111 5.85064e-06 6.70139e-05 3.94078e-05 2.06534e-09
   0.973271  0.00889607  0.00887389  0.00887477 2.80513e-05  2.7837e-05  2.7918e-05 7.19696e-08
1.57887e-06    0.463331     0.26934    0.267315  2.8752e-07  2.9472e-07 1.17904e-05 2.40481e-11
   0.961966   0.0126547   0.0126324   0.0126065 4.69071e-05 4.65515e-05 4.66852e-05 1.37093e-07
   0.998917 0.000360845 0.000360932 0.000360747  1.1261e-07 1.48852e-07 1.04888e-07 6.07209e-11
4.14087e-05    0.186954    0.403746    0.409182 1.83799e-06 1.91464e-06 7.24049e-05 2.98541e-09
1.47968e-05    0.769227    0.111785    0.118765 5.90637e-05 5.68957e-05 9.24277e-05 1.63669e-08
   0.999092 0.000302693 0.000302693 0.000302663 7.80894e-08 9.58421e-08 8.03853e-08 2.46001e-11
   0.999785 7.17742e-05 7.17702e-05 7.17607e-05 5.14536e-09 5.88518e-09 4.89486e-09 5.55158e-13
   0.995484  0.00150279  0.00150259  0.00150573 1.48966e-06 1.45796e-06 1.46858e-06 1.40893e-09
   0.994954  0.00167993  0.00167939  0.00168084 1.79459e-06 1.77437e-06 1.80035e-06 1.83001e-09
  0.0115638    0.297932    0.371124    0.316293  0.00104543 0.000962556  0.00107714 1.86321e-06
   0.999311 0.000229472 0.000229465 0.000229477 4.60155e-08 5.47305e-08 5.75295e-08 9.13598e-12
   0.988019  0.00398771  0.00398498  0.00398506 7.88294e-06 7.83089e-06 7.95532e-06 1.36615e-08
1.08653e-07 5.64545e-05    0.498311     0.50118 0.000226941 0.000225515 9.88894e-08  3.2792e-08
    0.99916 0.000279792 0.000279813 0.000279762 7.10076e-08 9.13082e-08 6.57259e-08 2.79781e-11
   0.999672 0.000109195 0.000109244 0.000109169 1.12304e-08 1.91299e-08 1.08391e-08 1.49211e-12
   0.997109 0.000962846 0.000962548 0.000963793 6.71883e-07 6.89097e-07 6.64226e-07  4.7847e-10
  0.0562144      0.4423    0.239257    0.257304  0.00176976  0.00182605  0.00132325 5.01434e-06
   0.992493  0.00249926  0.00249806  0.00249898 3.58098e-06 3.55022e-06   3.604e-06  4.6795e-09
   0.987665  0.00410508  0.00410252  0.00410233 8.27101e-06  8.2113e-06 8.36011e-06 1.45938e-08
   0.994752  0.00174753  0.00174669  0.00174788 1.92351e-06 1.89263e-06 1.94281e-06 2.10668e-09
   0.998041 0.000652909 0.000652691 0.000652572 3.71488e-07 3.46096e-07 3.26414e-07 2.30532e-10
0.000331618   0.0278176    0.479059    0.492478 6.73686e-05 6.88936e-05 0.000177521 3.63345e-08
   0.999528  0.00015727  0.00015734 0.000157263 2.26513e-08 2.92532e-08 2.38648e-08  3.3824e-12
   0.994367  0.00187513   0.0018746  0.00187685 2.17109e-06 2.14734e-06 2.19478e-06 2.47882e-09
   0.988799  0.00372755   0.0037265  0.00372583 7.05141e-06 7.01917e-06 7.17593e-06 1.17132e-08
   0.999876 4.12148e-05 4.12173e-05 4.12094e-05 1.92868e-09  1.6473e-09 2.69392e-09 1.29991e-13
   0.979446  0.00684209  0.00682722  0.00682854 1.87925e-05 1.86262e-05 1.87182e-05 4.29328e-08
 2.7314e-09 1.76669e-05 9.48694e-07 7.20047e-05    0.409932    0.032654    0.557319  4.4862e-06
1.10554e-08   0.0894326    0.455392    0.455175 1.40692e-09 1.40572e-09  1.8145e-08 1.09555e-16
   0.975934  0.00800839  0.00799112  0.00799473 2.39518e-05 2.37417e-05 2.38565e-05 5.87541e-08
   0.994051  0.00198017  0.00197979  0.00198212 2.39153e-06 2.36448e-06 2.42374e-06 2.86996e-09
 0.00312502    0.619674    0.196183    0.179458 0.000632312 0.000612665 0.000314214 4.87844e-07
   0.991134  0.00295212  0.00295088  0.00294899 4.76243e-06 4.73037e-06 4.82661e-06 6.90262e-09
   0.999817 6.09429e-05 6.09454e-05 6.09385e-05 3.45867e-09 3.79455e-09 4.30098e-09 2.90127e-13
0.000185062      0.8816   0.0494808   0.0683003 0.000184492 0.000165046 8.37973e-05 2.76522e-08
   0.999963 1.23288e-05 1.23294e-05 1.23275e-05 1.47741e-10 2.54045e-10 7.18221e-10 1.21368e-14
   0.999837 5.44345e-05 5.44326e-05 5.44194e-05 2.95042e-09 2.88919e-09 3.74494e-09 2.34449e-13
   0.986388  0.00452964  0.00452578  0.00452724 9.72427e-06 9.63674e-06 9.78847e-06 1.81124e-08
1.02331e-07   0.0333957    0.608673    0.357043 0.000317413 0.000540614 2.97543e-05 3.40407e-09
   0.377911    0.410127   0.0492375    0.158553   0.0014038  0.00201221 0.000750096 5.68379e-06
4.55015e-12    0.215134    0.662348    0.122517 1.31684e-07 7.11918e-07 2.31207e-07 2.05644e-13
   0.990133  0.00328474  0.00328396  0.00328098 5.70535e-06 5.67079e-06 5.76615e-06 8.79992e-09
   0.996949  0.00101584  0.00101545  0.00101758 7.34255e-07 7.46745e-07 7.23864e-07 4.99945e-10
    0.98937  0.00353836  0.00353692  0.00353536 6.46213e-06 6.42721e-06 6.54312e-06 1.04427e-08
   0.998922 0.000359174 0.000359323 0.000359031  1.0913e-07 1.40422e-07 1.04672e-07 5.13427e-11
2.01242e-07  0.00090872 4.37819e-05 0.000183936    0.630941   0.0247996    0.343082 4.10798e-05
   0.986851   0.0043757  0.00437255  0.00437337 9.19177e-06 9.10941e-06 9.25719e-06 1.67959e-08
   0.999684 0.000105315 0.000105359 0.000105286 1.06998e-08 1.48685e-08 1.02003e-08 1.08904e-12
   0.997309 0.000896326 0.000896138 0.000896325 5.91464e-07 5.81367e-07 5.76144e-07 3.70688e-10
4.10582e-09 8.71545e-05    0.505943     0.49393 1.92823e-05 1.97486e-05 3.00158e-09 1.89885e-09
   0.999464 0.000178735  0.00017879 0.000178707 2.82112e-08 3.52876e-08 2.97171e-08 5.91194e-12
   0.969465   0.0101584   0.0101434    0.010131  3.4167e-05 3.38868e-05 3.40246e-05  9.2427e-08
   0.984677   0.0050979  0.00509375  0.00509562   1.179e-05  1.1673e-05  1.1855e-05 2.33825e-08
   0.999595 0.000134891 0.000134957 0.000134917 1.67496e-08 1.84926e-08 2.16783e-08 1.96863e-12
1.39334e-06  0.00214085    0.466469    0.530791 0.000317311 0.000278739 1.27242e-06 8.56467e-09
   0.994668  0.00177526  0.00177448  0.00177599 1.97856e-06  1.9465e-06 2.00141e-06 2.16207e-09
   0.985866  0.00470354  0.00469919  0.00470071 1.03404e-05 1.02538e-05 1.03969e-05 1.95733e-08
   0.996507   0.0011626  0.00116222  0.00116488 9.39448e-07 9.53807e-07 9.33173e-07 6.96651e-10
     0.9663   0.0112164   0.0111919   0.0111734 3.94481e-05 3.91257e-05 3.92379e-05 1.10686e-07
   0.995163  0.00161011  0.00160975  0.00161175 1.66926e-06 1.64543e-06 1.65774e-06 1.64166e-09
   0.967591   0.0107809   0.0107679   0.0107489 3.72698e-05 3.69754e-05 3.71006e-05 1.03091e-07
   0.980065  0.00663439  0.00662341  0.00662384 1.79209e-05  1.7754e-05 1.78679e-05 4.03543e-08
   0.996872  0.00104151  0.00104111  0.00104331 7.60549e-07 7.62881e-07 7.64168e-07 5.18172e-10
    0.99658  0.00113862  0.00113823  0.00114041 9.10819e-07 9.18271e-07  8.9665e-07 6.65222e-10
   0.999993 2.22849e-06 2.22855e-06 2.22854e-06 3.52512e-11  1.1311e-11 5.32615e-12 1.38681e-17
5.54547e-20 1.13911e-07    0.500239    0.499761 1.11908e-08 1.12015e-08 1.26946e-14 7.64943e-16
   0.995607  0.00146172  0.00146168  0.00146503 1.40372e-06 1.38673e-06  1.3967e-06  1.2925e-09
   0.996856  0.00104663   0.0010462  0.00104864 7.66474e-07 7.71599e-07 7.72749e-07 5.25693e-10
   0.992983  0.00233538  0.00233473  0.00233759 3.19942e-06 3.15033e-06 3.27298e-06 4.32785e-09
   0.993204  0.00226159  0.00226095  0.00226399 3.01787e-06 2.97904e-06 3.06646e-06 3.89547e-09
   0.987768  0.00407109  0.00406849  0.00406813 8.15761e-06 8.09692e-06 8.24712e-06 1.43461e-08
   0.960284   0.0132219   0.0131906    0.013154 4.98625e-05 4.94962e-05 4.95875e-05 1.47777e-07
   0.977047  0.00764051  0.00762223  0.00762343 2.22834e-05 2.20767e-05 2.21779e-05 5.35695e-08
  0.0175961    0.116348    0.454991    0.407527 0.000982233 0.000914273  0.00163885 2.54984e-06
   0.997769 0.000743373 0.000743549 0.000742962 4.35318e-07 4.21761e-07 4.17188e-07 2.63824e-10
   0.997169 0.000943013 0.000942786 0.000943422 6.54015e-07 6.41728e-07 6.33452e-07  4.3265e-10
   0.986678  0.00443305     0.00443  0.00443089 9.38948e-06 9.30847e-06 9.45328e-06 1.72406e-08
   0.992871  0.00237244  0.00237164  0.00237491 3.29336e-06 3.24062e-06 3.36885e-06 4.57123e-09
1.41487e-09    0.607196    0.197207    0.195597 1.36314e-08 1.37795e-08  9.5336e-08  4.7218e-14
1.91354e-09 0.000308736    0.487382    0.512127  9.3088e-05 8.85892e-05 5.82197e-08 5.64235e-08
   0.976432  0.00784249  0.00782651  0.00782945 2.32005e-05 2.29907e-05 2.31165e-05 5.64095e-08
 0.00056068    0.661139    0.126918    0.209714 0.000348607 0.000212119  0.00110778 1.25296e-08
   0.995936  0.00135279  0.00135306  0.00135472 1.21739e-06 1.20006e-06 1.23174e-06 1.09467e-09
   0.997956 0.000681072  0.00068102 0.000680653 3.88082e-07 3.74973e-07 3.62189e-07 2.58341e-10
   0.986793  0.00439485  0.00439163  0.00439257 9.25503e-06  9.1743e-06 9.32256e-06 1.69427e-08
0.000193712   0.0737297    0.469221    0.456658 4.93396e-05 4.83974e-05  9.9892e-05 1.14948e-08
0.000633121    0.281033    0.447429    0.270217 9.32771e-06 4.95773e-08 0.000678962 1.02254e-07
0.000172309    0.333217    0.333237    0.333197 5.86077e-05  5.8609e-05 5.86254e-05 6.50652e-09
1.39381e-10 0.000187073    0.490305    0.509495 6.56784e-06 6.32016e-06   3.112e-09 4.12902e-12
   0.957863   0.0140218    0.013993     0.01396 5.41793e-05 5.37981e-05 5.39144e-05  1.6345e-07
2.19468e-06    0.334144    0.332222    0.333629 9.43014e-07 9.44988e-07 9.42292e-07 2.77315e-11
          1 3.99315e-08 3.99318e-08 3.99318e-08 1.50342e-13 4.69891e-15 1.81593e-14 2.01062e-21
1.18354e-08 1.23469e-05    0.502038    0.497714 0.000117295 0.000118316 6.70137e-09 3.51867e-08
   0.980228  0.00657981  0.00656961  0.00656986 1.76942e-05 1.75279e-05   1.764e-05 3.96464e-08
   0.012914    0.217471    0.380455    0.385946 0.000969097 0.000977192  0.00126649 2.03375e-06
 0.00186105    0.996334 0.000145993 0.000564252  0.00054294 0.000551116  5.7872e-07 3.08424e-07
   0.998762 0.000412743 0.000412682 0.000412602 1.37194e-07 1.73264e-07  1.3553e-07 6.18708e-11
8.40501e-05    0.793997    0.123881   0.0815584 0.000131185 0.000165443 0.000182859 1.46717e-08
   0.999532 0.000156113 0.000156189 0.000156109 2.23465e-08 2.78682e-08 2.32379e-08 3.28209e-12
   0.973993  0.00865526  0.00863319  0.00863763 2.69259e-05 2.67114e-05 2.68083e-05 6.82838e-08
   0.981128  0.00627946  0.00627151  0.00627199  1.6454e-05 1.62851e-05 1.64139e-05  3.6053e-08
   0.988968  0.00367164     0.00367  0.00366983 6.87677e-06 6.85287e-06 6.97492e-06 1.13089e-08
   0.991678  0.00277062  0.00276949  0.00276909 4.27433e-06  4.2565e-06 4.30523e-06  5.9148e-09
   0.996588  0.00113596  0.00113559  0.00113773 9.09438e-07 9.13096e-07 8.90876e-07 6.64084e-10
 0.00056202    0.234447    0.401402    0.362988  8.6037e-06  5.4178e-06 0.000586509 8.61488e-08
   0.989647  0.00344627  0.00344522  0.00344266 6.18518e-06 6.15402e-06 6.25726e-06 9.80875e-09
 0.0279214   0.307024   0.282451   0.378392 0.00128493 0.00148973  0.0014335 3.5337e-06
   0.990407  0.00319347  0.00319255  0.00319011 5.44151e-06 5.41467e-06 5.51004e-06 8.23213e-09
   0.999915  2.8209e-05 2.82128e-05 2.82057e-05 9.35779e-10 8.11546e-10 1.73289e-09 3.32123e-14
   0.997547 0.000817184 0.000817119 0.000817243 5.06833e-07 4.85736e-07 4.93437e-07 2.97621e-10
   0.986029  0.00464938   0.0046453  0.00464632 1.01448e-05 1.00669e-05 1.02056e-05 1.90731e-08
   0.992431  0.00251985  0.00251869  0.00251953 3.63175e-06 3.60086e-06 3.66041e-06 4.77627e-09
   0.966617   0.0111084    0.011088   0.0110702 3.89124e-05 3.85983e-05 3.87196e-05 1.08801e-07
5.58696e-10    0.504856    0.495076 4.86676e-05 9.69523e-10 9.61454e-06 9.80602e-06 1.06222e-12
   0.983496  0.00549003  0.00548674  0.00548753 1.32991e-05 1.31479e-05 1.33409e-05 2.74278e-08
   0.999025 0.000324776 0.000324792 0.000324721 8.66406e-08 1.18255e-07 9.48764e-08 2.66341e-11
1.54062e-07    0.822531   0.0896052   0.0878616 5.59743e-07  5.6523e-07 5.38132e-07 2.20608e-11
4.84162e-07     0.58672    0.209202    0.204058 1.88743e-06 1.95878e-06 1.63797e-05 1.05412e-11
 0.00104899    0.333308    0.332744    0.332139 0.000253483 0.000253274 0.000253092 1.18866e-07
   0.977986  0.00733059   0.0073096  0.00731113 2.08977e-05 2.06996e-05 2.07874e-05 4.93149e-08
   0.999142 0.000285826 0.000285834 0.000285819 7.80081e-08  9.0699e-08 6.94046e-08 2.91231e-11
   0.962939   0.0123305    0.012314    0.012281 4.52082e-05 4.48522e-05  4.4988e-05 1.31027e-07
   0.993503  0.00216213  0.00216143  0.00216458 2.78645e-06 2.75572e-06 2.82091e-06  3.4532e-09
   0.986388  0.00452965  0.00452579  0.00452724 9.72431e-06 9.63679e-06 9.78789e-06 1.81125e-08
   0.993431   0.0021415  0.00215073  0.00213506 4.70003e-05 4.75163e-05 4.70999e-05 2.91784e-07
   0.999997 9.93456e-07 9.93488e-07 9.93456e-07 1.01787e-12 1.15848e-12 2.13618e-12 1.52551e-18
   0.990199  0.00326281  0.00326221   0.0032591 5.64167e-06 5.60446e-06 5.71422e-06 8.70137e-09
   0.979225   0.0069167  0.00690036  0.00690091 1.91037e-05 1.89316e-05 1.90188e-05 4.38861e-08
1.98049e-09 2.67132e-05 3.94219e-05 3.66857e-05    0.276988    0.233216    0.489634 5.93572e-05
   0.993454  0.00217867  0.00217796   0.0021808 2.82294e-06 2.79294e-06 2.86344e-06 3.52386e-09
   0.985285  0.00489618  0.00489235   0.0048938 1.10418e-05  1.0939e-05 1.11011e-05 2.13618e-08
   0.994185  0.00193533  0.00193494  0.00193745 2.29648e-06 2.27183e-06 2.31664e-06  2.6881e-09
3.55793e-07   0.0107907     0.56701    0.421825 0.000158193 0.000212564 4.04046e-06 5.03277e-08
   0.999986 4.56079e-06 4.56042e-06 4.56091e-06 1.14447e-10 1.86223e-10 2.67639e-11 1.42016e-16
   0.979784   0.0067284  0.00671596  0.00671692  1.8318e-05 1.81526e-05 1.82544e-05 4.15025e-08
   0.999981  6.4001e-06 6.39944e-06 6.40064e-06 4.16131e-11  9.0962e-11 1.01003e-10 2.69026e-15
   0.999021 0.000326379 0.000326405 0.000326315 8.75976e-08 1.18892e-07 9.47429e-08 2.69697e-11
 0.00117004    0.746405    0.126578    0.125028 0.000350854 0.000349626 0.000118787 1.42744e-07
   0.999742 8.60419e-05 8.60447e-05 8.60155e-05 6.73333e-09 1.19128e-08 6.86705e-09 1.12077e-12
   0.999906 3.13708e-05 3.13792e-05 3.13687e-05 9.47677e-10 1.02008e-09 2.34368e-09 5.18673e-14
   0.999707 9.77616e-05 9.77926e-05 9.77277e-05 8.61414e-09 1.20568e-08 8.59838e-09 1.04818e-12
  0.0315098    0.912571   0.0472746  0.00530739  0.00181726  0.00139992 0.000117213 2.80664e-06
5.67647e-10     0.32805   0.0473021    0.624633 8.89129e-06 6.73953e-07 4.67329e-06 1.28275e-10
0.000664915    0.341561    0.390628    0.266374 1.02421e-06 2.69176e-06  0.00076804 1.10197e-07
   0.993867   0.0020413  0.00204087  0.00204369 2.52157e-06 2.49114e-06 2.57845e-06 3.09582e-09
   0.995712  0.00142705  0.00142703  0.00142979 1.34067e-06 1.32744e-06 1.34074e-06 1.21472e-09
  0.0095897    0.188265    0.396779    0.402541 0.000825441 0.000832516  0.00116639 1.60303e-06
   0.988923  0.00368625  0.00368466  0.00368495 6.92204e-06  6.8939e-06 7.02345e-06 1.14188e-08
   0.998772 0.000409175  0.00040911 0.000409064 1.35925e-07 1.67562e-07 1.32983e-07 6.32746e-11
   0.994991   0.0016676  0.00166709  0.00166905 1.77144e-06 1.75449e-06 1.77442e-06 1.78475e-09
   0.998608  0.00046374 0.000463959 0.000463364 1.76412e-07 1.98581e-07 1.70705e-07 7.94456e-11
   0.989846   0.0033802  0.00337925  0.00337633 5.98855e-06 5.96438e-06 6.05598e-06 9.37135e-09
7.41162e-07 0.000480998    0.485958    0.512629 0.000477929 0.000452898  3.7274e-07  2.0006e-09
   0.999785  7.1774e-05 7.17703e-05 7.17607e-05 5.14466e-09 5.94651e-09 4.87417e-09  5.5636e-13
4.36007e-12 2.46598e-07 1.25898e-06  3.9771e-07    0.207242    0.664523    0.128233 2.86072e-11
8.58469e-12 1.94378e-06 1.51894e-06 1.49708e-06    0.392536    0.382638    0.224818 3.48688e-06
   0.999997 1.09495e-06 1.09498e-06 1.09495e-06 3.98156e-12 1.73402e-12 1.43782e-12 1.30693e-18
8.39325e-07 8.93816e-05    0.498771    0.500425 0.000357507 0.000356199 6.96582e-08    3.37e-09
   0.979878  0.00669665  0.00668518  0.00668569 1.81846e-05 1.80145e-05 1.81301e-05 4.11301e-08
1.64359e-09 4.01932e-06 3.35751e-05 4.03689e-06   0.0238526    0.252267    0.723833 6.32644e-06
   0.999156 0.000281295 0.000281316 0.000281271 7.11209e-08 9.49757e-08 6.65126e-08 2.83966e-11
 2.6069e-05   0.0217085    0.386314    0.590691 0.000745306 0.000487602 2.72516e-05 1.86364e-09
 0.00676791     0.87841   0.0440802   0.0685479 0.000970115  0.00105821 0.000164978 1.11699e-06
   0.981713  0.00608365  0.00607772  0.00607834 1.56701e-05 1.54723e-05 1.56272e-05 3.38413e-08
   0.999218 0.000260579 0.000260666 0.000260507 6.02027e-08 8.35358e-08 6.04383e-08 2.03281e-11
 1.9869e-11  3.1799e-07 2.28335e-06 3.07177e-07    0.196352    0.602147    0.201499 3.53796e-08
0.000189884     0.98019   0.0102383  0.00916335 0.000107875 0.000106784 3.52192e-06 1.28561e-08
3.42043e-11 2.48651e-06 7.00219e-07 4.18832e-06    0.677434   0.0581091    0.264449 2.98339e-08
   0.975249  0.00823569  0.00821972  0.00822095 2.49884e-05 2.47743e-05 2.48906e-05  6.2072e-08
    0.99637  0.00120861  0.00120824  0.00121049 1.00099e-06  9.9762e-07 9.99564e-07 7.61234e-10
2.83868e-08    0.798119     0.10067    0.101211 1.37957e-07 1.37549e-07 1.67831e-07 1.23703e-14
   0.998383 0.000538926 0.000539425 0.000538297 2.25164e-07 2.24178e-07 2.30843e-07 8.95954e-11
   0.982358   0.0058694  0.00586426  0.00586395 1.48009e-05 1.46282e-05 1.47868e-05 3.14504e-08
2.50522e-10 6.80505e-06 6.50337e-06 5.41848e-06    0.424974    0.301911    0.273084 1.25023e-05
   0.991112  0.00295932  0.00295798    0.002956 4.78261e-06 4.75182e-06 4.84889e-06  6.9221e-09
   0.998162 0.000612527 0.000612825 0.000611901  3.0329e-07 2.86651e-07 2.95469e-07 1.53207e-10
   0.994367  0.00187512  0.00187458  0.00187686 2.17166e-06 2.14779e-06 2.19635e-06 2.49053e-09
8.78592e-12    0.330634   0.0460168    0.623347 1.44332e-06 1.06537e-07 7.65603e-07 6.93456e-13
   0.985563  0.00480365  0.00479979  0.00480118 1.07044e-05 1.06071e-05 1.07641e-05 2.04801e-08
 0.00367705    0.356958    0.460619    0.177234  8.5367e-06 3.64129e-05  0.00146622 4.20248e-07
   0.997317 0.000893944 0.000893729 0.000893852  5.8626e-07 5.75422e-07  5.7255e-07 3.62464e-10
3.35184e-08  0.00101645    0.521212    0.477298 0.000225974 0.000246613 5.90425e-07  3.6038e-08
   0.999715 9.49966e-05 9.50366e-05 9.49568e-05  8.1479e-09   1.084e-08  8.1081e-09  1.0347e-12
   0.981467  0.00616592  0.00615924  0.00615965  1.5999e-05 1.58128e-05 1.59557e-05 3.47423e-08
1.25616e-06   0.0171622      0.3998    0.582046 0.000577298 0.000396446 1.68955e-05 7.27242e-09
   0.990276  0.00323732  0.00323683  0.00323354 5.56718e-06 5.53206e-06 5.64378e-06   8.546e-09
   0.999963 1.23288e-05 1.23293e-05 1.23276e-05 1.45926e-10 2.34315e-10 7.62191e-10  1.4256e-14
   0.975653   0.0081006    0.008086  0.00808754 2.43725e-05 2.41604e-05  2.4288e-05 6.01212e-08
   0.976103  0.00795155  0.00793538  0.00793921 2.36975e-05 2.34861e-05 2.36115e-05 5.79509e-08
   0.963085   0.0122815   0.0122651   0.0122341  4.4956e-05 4.46021e-05 4.47404e-05 1.30122e-07
   0.035222    0.403317    0.295175    0.261811  0.00162546  0.00154029  0.00130554 4.02646e-06
2.52757e-10 4.34073e-06     0.50029    0.499698 4.19326e-06 4.19806e-06 2.39964e-10 9.11544e-11
   0.999388 0.000204043 0.000204078 0.000204014 4.31724e-08 4.46025e-08 4.36484e-08 8.82415e-12
0.000951939    0.469735   0.0787226    0.449326 0.000193235 2.49518e-07  0.00107118 1.23371e-07
   0.991847  0.00271423  0.00271322  0.00271311 4.12597e-06 4.10253e-06 4.14619e-06 5.63785e-09
4.09741e-07   0.0006137 0.000511664 0.000500484    0.382049    0.366565    0.249236 0.000523586
   0.975709  0.00808207  0.00806743  0.00806929  2.4291e-05 2.40749e-05 2.42046e-05 5.98521e-08
   0.984712  0.00508627  0.00508213  0.00508397 1.17455e-05  1.1632e-05 1.18121e-05 2.32493e-08
   0.997131 0.000955407 0.000955145  0.00095607 6.66459e-07 6.68996e-07 6.50576e-07 4.57448e-10
   0.999368 0.000210603 0.000210622 0.000210592 4.26737e-08 4.76164e-08  4.7212e-08 8.61604e-12
   0.974381  0.00852567  0.00850655  0.00850798  2.6321e-05 2.61085e-05 2.62062e-05 6.63413e-08
0.000557233      0.5023    0.305192    0.190899 2.37186e-05 7.16176e-05 0.000956215 9.18512e-08
7.92414e-08 5.84356e-05    0.498703    0.500772 0.000233828 0.000232712 1.41195e-07 3.06656e-08
   0.990636   0.0031173  0.00311671  0.00311401 5.22476e-06 5.19548e-06 5.28695e-06 7.78766e-09
   0.977697  0.00742849  0.00740557  0.00740505 2.13259e-05 2.11143e-05   2.119e-05 5.06364e-08
0.000510626    0.498916    0.316795    0.182766 1.91879e-05  7.2438e-05  0.00092046 9.07289e-08
   0.970995  0.00965075  0.00963515  0.00962406 3.16739e-05 3.14218e-05 3.15262e-05 8.40015e-08
1.90575e-11 5.39922e-06 1.60685e-06 5.14023e-06    0.732836   0.0313095    0.235842 3.69204e-07
8.54046e-11 5.80656e-06    6.63e-07 8.80364e-06  0.00289725    0.914409   0.0826701 8.45919e-06
2.75496e-05    0.163214    0.132286    0.703591 0.000517515 0.000166321 0.000198294 4.24512e-09
   0.999286 0.000237792 0.000237781  0.00023777 4.88972e-08 6.22568e-08 5.46947e-08  1.1593e-11
0.000332704    0.346324    0.325554    0.327261 1.28006e-07  1.0401e-07 0.000527898 5.15856e-08
9.79379e-05    0.782918   0.0466906    0.169777 0.000216928  0.00010848 0.000190686 1.65789e-08
  0.0043413    0.348392    0.357976    0.287723 2.65102e-07 3.12317e-06  0.00156321 4.86405e-07
   0.990067  0.00330668  0.00330597  0.00330298 5.76982e-06 5.73677e-06 5.83052e-06 8.92129e-09
8.06399e-05     0.32963    0.388286    0.281811 3.61597e-07 2.68363e-07 0.000190587 1.21371e-08
1.31515e-05    0.170812    0.414233    0.414926 4.68854e-06 4.69323e-06 6.96044e-06 2.81144e-10
   0.981854  0.00603747  0.00603046  0.00603147 1.54713e-05 1.52863e-05 1.54345e-05 3.33148e-08
7.90501e-15 3.71719e-09 6.09699e-09 2.31347e-10   0.0260057    0.592277    0.381718 9.24521e-13
 3.5569e-09 2.92149e-05     0.50298    0.496963 1.39325e-05  1.4099e-05 6.91132e-10 1.05198e-09
   0.999752 8.25747e-05 8.25747e-05 8.25512e-05 6.45969e-09 1.00697e-08 6.50251e-09  1.1344e-12
   0.997469 0.000843273 0.000843126 0.000843238 5.20245e-07 5.14058e-07 5.13296e-07 3.02239e-10
   0.999832 5.58509e-05 5.58494e-05 5.58375e-05 3.28718e-09 3.30998e-09 5.00638e-09 4.17388e-13
 4.2481e-07    0.330023   0.0465687    0.623078 0.000205831 1.53136e-05 0.000108998 2.08876e-08
 0.00702834    0.956373   0.0343718 0.000167618  0.00118594 0.000840364 3.15256e-05  1.0734e-06
   0.997483 0.000838476 0.000838344 0.000838534 5.16818e-07 5.07848e-07 5.07738e-07 2.98046e-10
   0.999303 0.000232235 0.000232212 0.000232232 4.69723e-08 5.58156e-08 5.29101e-08  1.0252e-11
  0.0042082    0.490887    0.443532   0.0596719 1.72091e-06 0.000335019  0.00136404 1.49876e-07
1.48921e-08 9.45915e-05  8.2119e-05 9.52515e-05    0.298548    0.397973     0.30307 0.000137404
   0.974414  0.00851458   0.0084955  0.00849697 2.62696e-05 2.60576e-05 2.61547e-05 6.61749e-08
 5.0206e-05     0.23472    0.380821    0.384351 1.76977e-05 1.77899e-05 2.23212e-05 6.92485e-10
   0.974626  0.00844325  0.00842688  0.00842654 2.59401e-05 2.57306e-05 2.58351e-05 6.51353e-08
   0.981972   0.0059987  0.00599148  0.00599238 1.53132e-05 1.51325e-05 1.52815e-05 3.28889e-08
   0.968608   0.0104424   0.0104279   0.0104155 3.55763e-05 3.53122e-05 3.54279e-05 9.72327e-08
   0.999555  0.00014812 0.000148244 0.000148111 2.03076e-08 2.40413e-08 2.23189e-08 2.62833e-12
   0.998489 0.000503674 0.000504223 0.000502981 1.98586e-07 2.08372e-07 1.99435e-07 7.73636e-11
 0.00076763    0.404384    0.297103    0.296827  6.2638e-06 6.21036e-06 0.000906259 1.32623e-07
    0.97128  0.00955573  0.00954033  0.00953064 3.12165e-05  3.0967e-05  3.1073e-05 8.24643e-08
   0.993454  0.00217869  0.00217797  0.00218075 2.82269e-06 2.79289e-06 2.86264e-06 3.51826e-09
    0.99975 8.34363e-05 8.34337e-05 8.34102e-05 6.41064e-09 9.87439e-09 6.46676e-09 9.74948e-13
   0.998506 0.000497889 0.000498323 0.000497289 1.95824e-07 2.08936e-07 1.95249e-07 7.95937e-11
   0.999332 0.000222651 0.000222655 0.000222648 4.23495e-08 5.07046e-08  5.5311e-08 7.91612e-12
0.000460303    0.537804    0.230002    0.231331 0.000153478 0.000153853 9.63049e-05 3.97345e-08
1.55053e-09 1.66639e-05 2.66637e-05 2.00147e-05    0.349558    0.176614    0.473726 3.83571e-05
   0.999068 0.000310501 0.000310514 0.000310451 8.06795e-08 1.13428e-07 8.79423e-08 2.68613e-11
   0.981608   0.0061196  0.00611227  0.00611281 1.58096e-05 1.56213e-05 1.57569e-05 3.42145e-08
   0.997265  0.00091099 0.000910776 0.000911128 6.10638e-07 6.03889e-07  5.9347e-07 3.92571e-10
 4.9083e-08  0.00014193 0.000171888 0.000182613    0.264473     0.30283    0.431979 0.000221958
   0.989536  0.00348334  0.00348226  0.00347933  6.2956e-06  6.2617e-06  6.3631e-06 1.00612e-08
0.000343637  0.00144685    0.479297    0.518584 5.64099e-05 6.07974e-05 0.000211293 3.60856e-08
   0.999772 7.58499e-05   7.584e-05 7.58255e-05 7.25832e-09 7.38697e-09 5.54432e-09 1.07807e-12
   0.998718 0.000427085 0.000427152  0.00042679    1.48e-07 1.86172e-07 1.50969e-07 6.25442e-11
   0.993424  0.00218843  0.00218778   0.0021911 2.84764e-06 2.81297e-06 2.89265e-06 3.56789e-09
   0.998653 0.000448953 0.000449046 0.000448639 1.63139e-07 2.03031e-07 1.65132e-07 7.13363e-11
    0.99976 8.00202e-05 8.00207e-05 7.99959e-05 6.62082e-09 8.35247e-09 6.09119e-09  1.0316e-12
2.23516e-05    0.631826   0.0348529     0.33208 0.000452102 5.83122e-05 0.000707951 1.44183e-08
   0.998658 0.000447114 0.000447236  0.00044679 1.63077e-07 2.05292e-07 1.62572e-07 7.44486e-11
   0.995599  0.00146459  0.00146455  0.00146812 1.41015e-06 1.39277e-06 1.40114e-06 1.29737e-09
1.42763e-10    0.395317     0.01868    0.585943 3.56252e-05 1.13593e-06 2.40386e-05 3.96131e-09
   0.997109 0.000962827 0.000962522 0.000963846 6.73245e-07 6.91806e-07 6.65564e-07 4.85366e-10
  0.0218707    0.333354     0.31835    0.322511  0.00130782  0.00131618  0.00128713 3.02386e-06
   0.999896 3.46977e-05 3.47053e-05 3.46946e-05  1.1669e-09 1.36704e-09 1.77289e-09 4.98361e-14
   0.988552  0.00380977  0.00380808  0.00380836 7.31213e-06 7.27632e-06 7.41025e-06 1.22892e-08
   0.999316 0.000228106 0.000228098 0.000228096 4.51345e-08 5.30691e-08 6.08267e-08 8.50325e-12
   0.996516  0.00115992  0.00115952  0.00116213 9.36526e-07 9.53858e-07 9.27523e-07 6.96467e-10
   0.989225  0.00358629  0.00358465  0.00358394 6.60916e-06 6.57855e-06 6.70084e-06 1.07547e-08
   0.986816  0.00438722  0.00438399  0.00438481 9.22937e-06 9.15089e-06 9.29189e-06 1.68742e-08
 0.00677287    0.331409    0.329673    0.329728 0.000806006 0.000805989 0.000804682  1.1419e-06
5.79469e-10   0.0619356    0.301393    0.636614  3.6696e-05 1.73734e-05 3.57076e-06 3.22123e-09
   0.991857   0.0027109  0.00270986  0.00270941  4.1172e-06 4.09144e-06 4.13748e-06  5.6203e-09
