   0.996718  0.00109332  0.00109331  0.00109333 6.94397e-07  6.9502e-07 6.95268e-07 3.99847e-10
2.33069e-11 1.08163e-05 4.31825e-06 8.87548e-06    0.188944   0.0613591    0.749672 5.58665e-07
2.81165e-12 2.04915e-06 2.00331e-06 7.42424e-08   0.0050649    0.403106    0.591825 1.41592e-08
   0.979234   0.0069093  0.00690988  0.00691027 1.23077e-05 1.23075e-05 1.23084e-05  1.6837e-08
 3.7071e-05    0.525281    0.158961    0.315486 2.36401e-05  5.9098e-06 0.000205251 2.85554e-09
   0.999219 0.000260122 0.000260121 0.000260125 5.20513e-08 5.19426e-08  5.2186e-08 9.82397e-12
   0.999508 0.000163891 0.000163891 0.000163892 2.17872e-08 2.17758e-08 2.19785e-08 2.77174e-12
   0.993271  0.00224079  0.00224085  0.00224084 2.30137e-06 2.30286e-06 2.30415e-06 2.02409e-09
   0.996338  0.00121999  0.00121997  0.00122001  8.3801e-07   8.385e-07  8.3919e-07 5.16849e-10
   0.988561  0.00380756  0.00380763  0.00380775 5.25195e-06 5.25315e-06 5.25381e-06 5.91399e-09
   0.999987  4.1912e-06 4.19119e-06 4.19119e-06 1.74762e-11 1.79332e-11 1.76404e-11 6.84281e-17
   0.993766  0.00207591  0.00207599  0.00207596 2.03381e-06 2.03533e-06 2.03597e-06 1.71695e-09
   0.999279 0.000240388 0.000240387  0.00024039 4.49316e-08 4.48307e-08 4.49427e-08 7.95034e-12
   0.995086  0.00163654  0.00163654  0.00163657 1.37534e-06 1.37658e-06 1.37794e-06 1.01513e-09
 0.00416163    0.601394    0.198785      0.1944 0.000499841 0.000495808 0.000263714 3.17335e-07
1.96159e-09 0.000852065    0.478871    0.520121 8.08025e-05 7.43946e-05 1.32447e-07 2.00979e-12
   0.993125  0.00228927  0.00228933  0.00228932 2.38197e-06 2.38345e-06 2.38491e-06 2.11889e-09
1.77307e-17    0.127679    0.208976    0.663345 2.67284e-07  8.4203e-08  5.1446e-08 4.31591e-15
   0.986127  0.00461722  0.00461722  0.00461768 6.98209e-06 6.98253e-06  6.9837e-06 8.45549e-09
   0.994975  0.00167349  0.00167348  0.00167352 1.42737e-06 1.42859e-06 1.43015e-06 1.06755e-09
4.11471e-06    0.834079    0.085316   0.0805713  1.0307e-05 1.05822e-05 8.85945e-06 1.24677e-10
4.59266e-12   0.0774472    0.646273    0.276274 1.71264e-06 4.00629e-06 4.80103e-07 8.82617e-13
 0.00087657    0.503056    0.481448   0.0138671 2.02145e-07 0.000507389 0.000244586 1.05186e-08
   0.981249  0.00623919   0.0062397  0.00624014 1.07019e-05 1.07018e-05 1.07027e-05 1.42498e-08
  0.0136668    0.920656   0.0513084   0.0130267 0.000883313  0.00044997  8.4312e-06 4.70831e-07
   0.988888  0.00369901  0.00369906  0.00369917  5.0286e-06 5.02981e-06  5.0305e-06 5.59609e-09
   0.989833  0.00338446  0.00338451  0.00338459 4.39491e-06 4.39626e-06 4.39716e-06  4.7117e-09
0.000716539    0.423635     0.28866     0.28652 0.000166245 0.000165688 0.000135478 4.16983e-08
1.55498e-05    0.333337    0.333312    0.333317 6.13584e-06 6.13589e-06 6.13567e-06 6.69818e-11
   0.998598 0.000467102 0.000467099 0.000467113 1.53193e-07 1.52945e-07 1.53261e-07 4.69787e-11
   0.999905 3.16022e-05 3.16021e-05 3.16022e-05 9.30135e-10 9.15635e-10 9.35834e-10 2.61561e-14
   0.999051 0.000316296 0.000316294 0.000316303 7.47335e-08 7.47517e-08 7.50514e-08  1.6634e-11
0.000186004    0.145158    0.452502    0.401951 9.31544e-06 7.00957e-06 0.000186791 1.03908e-08
   0.988986  0.00366631  0.00366635  0.00366647 4.96177e-06 4.96296e-06 4.96372e-06 5.50152e-09
1.81277e-06    0.783963    0.108101    0.107907 8.01407e-06  8.0226e-06 1.11739e-05 7.35554e-11
  0.0107002    0.469727    0.245389     0.27235 0.000657267 0.000687032 0.000488205 6.62028e-07
   0.999738 8.73204e-05 8.73199e-05  8.7321e-05 6.58065e-09 6.54143e-09 6.98696e-09 4.95184e-13
   0.998198 0.000600254 0.000600255  0.00060028  2.4142e-07 2.40808e-07 2.41713e-07 9.02426e-11
2.37991e-11 5.96366e-07 1.18352e-05  1.7493e-06    0.289996     0.55791    0.152079 3.47661e-07
   0.999862 4.58337e-05 4.58335e-05 4.58342e-05 1.89655e-09 1.89009e-09 1.95123e-09 8.00366e-14
 2.6561e-08    0.353629   0.0349615    0.610963 0.000272646 1.56028e-05 0.000157805 3.65079e-11
   0.986866  0.00437134  0.00437135  0.00437175 6.44571e-06 6.44637e-06 6.44744e-06 7.65372e-09
   0.998986 0.000337864 0.000337862 0.000337872 8.44285e-08 8.44058e-08 8.48008e-08 1.98773e-11
5.90991e-06     0.28852    0.689637   0.0217056 1.11349e-05 6.06213e-05  6.0394e-05 3.72315e-10
   0.979583   0.0067931  0.00679372  0.00679409  1.2027e-05 1.20268e-05 1.20278e-05 1.63821e-08
   0.991561  0.00280962  0.00280971  0.00280981 3.29613e-06 3.29744e-06 3.29847e-06 3.24693e-09
 0.00563847    0.713138    0.138449    0.141384 0.000583083 0.000586842 0.000220885 4.03591e-07
   0.999207 0.000264425 0.000264423 0.000264427 5.37257e-08 5.35521e-08 5.38091e-08 1.02719e-11
    0.99996 1.34545e-05 1.34545e-05 1.34546e-05 1.70902e-10 1.85686e-10 1.84235e-10 2.14572e-15
6.03113e-09 0.000340838     0.48669    0.512788 9.29165e-05 8.81879e-05 6.17687e-08 4.07516e-12
8.00685e-11 2.05662e-07 2.01054e-07 1.99953e-07 0.000442053 0.000442053 0.000442052    0.998673
 0.00012025     0.11884    0.440282     0.44064 3.14823e-05 3.14992e-05 5.45591e-05 2.69809e-09
   0.986611  0.00445631  0.00445636  0.00445677 6.63012e-06 6.63074e-06 6.63171e-06 7.92811e-09
    0.98945  0.00351205  0.00351211  0.00351211 4.64941e-06 4.65084e-06 4.65157e-06 5.06402e-09
   0.999546 0.000151325 0.000151324 0.000151326 1.87226e-08 1.87255e-08 1.88812e-08 2.22226e-12
   0.999422 0.000192681 0.000192679 0.000192682 2.96031e-08  2.9589e-08 3.00501e-08 4.33048e-12
3.08501e-11 3.87536e-07 9.93976e-06 1.50873e-05    0.577161    0.404777   0.0180361 2.11347e-09
1.45731e-05    0.483017    0.258249    0.258631 2.78827e-06 2.77709e-06 8.26302e-05 6.87342e-10
     0.9833  0.00555726   0.0055574  0.00555775 9.10454e-06 9.10496e-06 9.10596e-06 1.17213e-08
   0.992457  0.00251167  0.00251176  0.00251176  2.7621e-06 2.76354e-06  2.7644e-06 2.57571e-09
   0.988697  0.00376237  0.00376243  0.00376252 5.15868e-06 5.15995e-06 5.16062e-06 5.78106e-09
   0.994069  0.00197497  0.00197503  0.00197501 1.87526e-06 1.87669e-06 1.87768e-06 1.54119e-09
   0.987814  0.00405616   0.0040562  0.00405642 5.77168e-06 5.77269e-06 5.77351e-06 6.66331e-09
   0.997706 0.000764173 0.000764163 0.000764187 3.71176e-07 3.70946e-07  3.7245e-07 1.67005e-10
  0.0120978    0.205404    0.390906    0.389689 0.000569917 0.000568888 0.000764442 7.14999e-07
1.39873e-08 2.67871e-05 0.000464141  1.8208e-05    0.225142    0.507794    0.266544 1.11636e-05
   0.986177   0.0046007   0.0046007  0.00460114 6.94577e-06 6.94625e-06 6.94741e-06 8.40095e-09
 0.00461885    0.444759    0.275346    0.273932 0.000484721 0.000483626 0.000375121 3.50576e-07
   0.999974 8.80253e-06 8.80253e-06 8.80255e-06 7.38788e-11 8.13235e-11 8.18488e-11 6.18254e-16
2.11266e-07    0.688826    0.141478    0.169625 1.45907e-05 1.23843e-05 4.39883e-05 3.42196e-11
   0.994386  0.00186968   0.0018697  0.00186974 1.71434e-06 1.71574e-06 1.71674e-06 1.36665e-09
   0.991976  0.00267167  0.00267177  0.00267178 3.04554e-06 3.04711e-06 3.04787e-06 2.92897e-09
1.81442e-07    0.206046    0.130017    0.663404 0.000354239 6.94239e-05  0.00011002 9.17395e-11
 0.00031195    0.333581    0.332899    0.332954 8.46447e-05  8.4652e-05 8.45652e-05 1.21945e-08
   0.999999 3.34357e-07 3.34356e-07 3.34356e-07    1.32e-13 1.29943e-13 1.14346e-13 3.67759e-20
   0.995654  0.00144744  0.00144742  0.00144749 1.11968e-06  1.1208e-06 1.12201e-06 7.68028e-10
1.03842e-09 0.000387796      0.5137     0.48586 2.55372e-05 2.70004e-05 2.04399e-08 2.37126e-13
   0.990687  0.00310026  0.00310038   0.0031004 3.84131e-06 3.84245e-06 3.84359e-06 3.96079e-09
   0.999848 5.07155e-05 5.07152e-05  5.0716e-05 2.31426e-09 2.29554e-09 2.38977e-09 1.07121e-13
5.73098e-05    0.518324    0.276029    0.205317 9.62684e-06 1.81123e-05   0.0002439 4.51093e-09
   0.997948 0.000683725 0.000683716 0.000683735 3.04743e-07 3.04248e-07 3.05772e-07 1.26535e-10
   0.993551  0.00214749  0.00214756  0.00214753  2.1487e-06 2.15036e-06 2.15134e-06 1.84795e-09
1.71998e-10 0.000418212    0.514196    0.485285  4.8904e-05 5.18173e-05 4.25134e-08 1.38156e-11
    0.99914 0.000286628 0.000286626  0.00028663 6.23698e-08 6.22504e-08 6.24889e-08 1.27659e-11
5.72971e-06    0.850657   0.0703982    0.078906 1.27038e-05 1.21087e-05 8.78091e-06   1.672e-10
   0.997193 0.000935257 0.000935238 0.000935265 5.29554e-07 5.29574e-07 5.30048e-07 2.73764e-10
0.000476147    0.167419    0.431393    0.400335 1.30554e-05 1.06432e-05 0.000353192 3.57667e-08
   0.997036 0.000987524 0.000987506 0.000987532 5.82152e-07 5.82462e-07 5.82853e-07  3.1283e-10
   0.989325  0.00355363  0.00355367  0.00355374 4.73313e-06 4.73448e-06 4.73525e-06 5.18059e-09
   0.987031  0.00431643  0.00431648   0.0043168 6.32714e-06  6.3279e-06 6.32876e-06 7.47806e-09
   0.997345 0.000884531 0.000884515  0.00088454 4.80004e-07 4.80254e-07 4.81028e-07 2.38528e-10
0.000242081    0.627914    0.187822    0.183813 8.40028e-05 8.33671e-05 4.15557e-05 8.63322e-09
5.13125e-10 0.000255207    0.511145    0.488558 2.07164e-05  2.1674e-05 1.08901e-08 1.00541e-11
   0.999683 0.000105729 0.000105729  0.00010573 9.50946e-09 9.46076e-09 9.83022e-09 8.49657e-13
0.000102226    0.288771    0.690921   0.0197014 4.26479e-05 0.000226254 0.000235488 6.15812e-09
   0.990896  0.00303078  0.00303089  0.00303092 3.70895e-06 3.71011e-06 3.71127e-06 3.78498e-09
   0.999509 0.000163585 0.000163584 0.000163586 2.17098e-08 2.16974e-08 2.19168e-08 2.75702e-12
0.000124749    0.584319    0.205967    0.209468 4.72243e-05 4.75228e-05 2.64386e-05 2.86496e-09
0.000697077    0.175361    0.385788    0.437688 1.09545e-05 1.57609e-05 0.000438348 5.43081e-08
   0.990816  0.00305736  0.00305748  0.00305751 3.75945e-06 3.76061e-06 3.76174e-06 3.85194e-09
    0.99284  0.00238391  0.00238397    0.002384 2.54167e-06 2.54314e-06  2.5442e-06 2.30844e-09
0.000604235    0.752147   0.0122007    0.234427 0.000332124 8.52663e-05 0.000204097 2.60647e-08
   0.999254 0.000248615 0.000248614 0.000248616 4.78206e-08 4.77363e-08 4.79269e-08 8.69377e-12
   0.997338 0.000886702 0.000886686  0.00088671 4.82092e-07 4.82362e-07 4.83055e-07  2.4002e-10
   0.988766  0.00373964   0.0037397   0.0037398 5.11193e-06 5.11314e-06 5.11382e-06 5.71439e-09
   0.999996 1.44287e-06 1.44287e-06 1.44286e-06 2.17601e-12 2.95486e-12 2.41834e-12 3.66557e-18
6.46269e-05     0.55413    0.224516    0.221221 2.63898e-05 2.62389e-05 1.58521e-05 9.06456e-10
   0.992927   0.0023551  0.00235516  0.00235518 2.49274e-06 2.49419e-06 2.49546e-06  2.2504e-09
   0.995501  0.00149835  0.00149832  0.00149839 1.18676e-06 1.18814e-06 1.18902e-06 8.31672e-10
1.20474e-11     0.32613   0.0483214    0.625521 1.77025e-05 1.36752e-06 9.22967e-06 9.73306e-12
   0.999863 4.55151e-05 4.55148e-05 4.55155e-05 1.87424e-09 1.86628e-09 1.91617e-09 7.85396e-14
   0.997998 0.000667146 0.000667137 0.000667156 2.91719e-07 2.91115e-07 2.92478e-07 1.18655e-10
   0.982355   0.0058715  0.00587182  0.00587218 9.83542e-06 9.83554e-06 9.83647e-06 1.28718e-08
   0.998698 0.000434008 0.000434005 0.000434019  1.3389e-07 1.33752e-07 1.33997e-07 3.86661e-11
   0.989673  0.00343777  0.00343782  0.00343788 4.50083e-06 4.50223e-06 4.50306e-06 4.85785e-09
8.79029e-05   0.0144191     0.49179     0.49361 1.87408e-05 1.88001e-05  5.4745e-05 1.80767e-09
0.000866957    0.921955   0.0524262   0.0241957 0.000223685 0.000270806 6.14947e-05 5.96562e-08
   0.981442  0.00617496  0.00617538  0.00617583 1.05497e-05 1.05495e-05 1.05505e-05 1.40066e-08
   0.977155  0.00760057  0.00760102  0.00760144 1.39952e-05 1.39948e-05 1.39959e-05 1.95921e-08
1.09681e-08  0.00293728    0.460196    0.536664 0.000108936 9.34143e-05 5.96262e-07 1.94748e-11
   0.999615 0.000128483 0.000128482 0.000128482 1.37128e-08 1.37345e-08 1.40633e-08  1.4213e-12
   0.123361    0.439524    0.125121     0.30945 0.000785499  0.00112483 0.000631221 1.46552e-06
   0.984507  0.00515608   0.0051562  0.00515663  8.1862e-06 8.18656e-06  8.1876e-06 1.02924e-08
0.000133572    0.998876 0.000556793 0.000282579 7.58243e-05  7.4822e-05 1.18908e-07 5.72984e-09
 0.00257798    0.254344    0.430781    0.311279  0.00034689   0.0002906 0.000379642 1.99951e-07
0.000135653    0.172394    0.411325    0.416015 3.71564e-05 3.74135e-05  5.5075e-05 3.23088e-09
   0.998053 0.000648819 0.000648815 0.000648833 2.77493e-07 2.76885e-07 2.78163e-07 1.10185e-10
   0.999877 4.08454e-05 4.08453e-05 4.08457e-05 1.52349e-09   1.503e-09 1.52714e-09  5.5246e-14
1.91435e-08    0.010336    0.421799    0.567605 0.000146772 0.000110498 2.81061e-06 4.19746e-11
   0.982657  0.00577109   0.0057713  0.00577167 9.60081e-06 9.60099e-06 9.60199e-06 1.25012e-08
 0.00018446    0.512151     0.18757    0.299647 3.33161e-05 1.17931e-05 0.000402413 1.27222e-08
   0.994567  0.00180922  0.00180922  0.00180926 1.62403e-06 1.62533e-06 1.62654e-06 1.27034e-09
 0.00135034    0.881347   0.0834494   0.0331918 0.000229953 0.000311498 0.000119843 6.71669e-08
    0.99552  0.00149216  0.00149214  0.00149221 1.17853e-06 1.17979e-06 1.18077e-06 8.23625e-10
    0.99984 5.32361e-05 5.32358e-05 5.32366e-05 2.53845e-09 2.52848e-09   2.605e-09 1.22437e-13
   0.993484   0.0021698  0.00216987  0.00216984 2.18491e-06 2.18653e-06 2.18752e-06 1.88929e-09
 0.00034444    0.102344    0.446144    0.450893 7.13871e-05 7.19007e-05  0.00013123 1.49007e-08
0.000106624    0.331937    0.335063    0.332788 3.51182e-05 3.49987e-05  3.5163e-05 2.09229e-09
   0.999661 0.000113055 0.000113055 0.000113056 1.08004e-08  1.0775e-08  1.1028e-08 1.01655e-12
7.67076e-13 1.42308e-06 8.22799e-07 5.80995e-06    0.633222    0.140493    0.226276 1.96244e-08
   0.998843 0.000385497 0.000385494 0.000385505 1.07672e-07 1.07632e-07 1.07929e-07 2.82529e-11
2.08745e-13      0.5256    0.473015  0.00138306 3.65255e-09 1.24702e-06 1.38538e-06 2.07248e-13
   0.996464  0.00117802  0.00117801  0.00117803 7.89248e-07 7.89817e-07 7.90143e-07 4.75825e-10
2.41291e-08  0.00378207    0.454568    0.541275  0.00020301 0.000170489 1.41853e-06 2.18805e-10
   0.999641 0.000119641  0.00011964 0.000119641 1.19767e-08 1.19709e-08 1.22247e-08 1.16252e-12
   0.990809  0.00305981  0.00305993  0.00305996 3.76411e-06 3.76529e-06 3.76642e-06 3.85816e-09
   0.998022 0.000659124 0.000659117 0.000659136 2.85497e-07 2.84825e-07  2.8618e-07 1.14886e-10
   0.988213  0.00392351  0.00392361  0.00392381 5.49304e-06 5.49415e-06 5.49471e-06 6.25953e-09
 0.00155624    0.175437    0.409215    0.413026 0.000220468 0.000221708 0.000323491 1.14224e-07
4.85931e-10    0.663785    0.134639    0.201453 2.47774e-05 1.65425e-05 8.22282e-05 1.79511e-13
   0.996917  0.00102694  0.00102692  0.00102695 6.23011e-07 6.23375e-07 6.23953e-07 3.43684e-10
   0.999458 0.000180514 0.000180512 0.000180515 2.61701e-08 2.61385e-08 2.64197e-08 3.61856e-12
   0.995397    0.001533  0.00153298  0.00153303 1.23314e-06 1.23472e-06  1.2357e-06 8.76569e-10
   0.987745  0.00407905  0.00407908  0.00407928 5.82006e-06 5.82107e-06 5.82187e-06 6.73372e-09
   0.999795 6.84313e-05 6.84309e-05 6.84317e-05 4.13853e-09 4.10155e-09 4.44565e-09 2.63053e-13
    0.99272  0.00242385  0.00242393  0.00242392    2.61e-06 2.61147e-06 2.61256e-06 2.39083e-09
   0.982895  0.00569186   0.0056921  0.00569249  9.4165e-06 9.41673e-06 9.41771e-06 1.22109e-08
1.78831e-09 0.000711967    0.480725    0.518437 6.51911e-05 6.04489e-05 8.95926e-08 4.27031e-11
   0.983479   0.0054979    0.005498  0.00549837 8.96754e-06  8.9679e-06 8.96896e-06 1.15067e-08
   0.998572 0.000475693 0.000475691 0.000475709 1.58314e-07 1.58127e-07 1.58431e-07 4.93109e-11
   0.998596 0.000467896 0.000467893 0.000467908 1.53672e-07 1.53418e-07 1.53734e-07 4.71837e-11
   0.999999 2.72509e-07 2.72509e-07 2.72509e-07 1.02401e-13 9.62599e-14 7.36354e-14 2.07848e-20
2.76412e-07    0.333494    0.333114    0.333392 1.20868e-07 1.20919e-07  1.2085e-07  2.6236e-14
   0.997735 0.000754593 0.000754584  0.00075461 3.63173e-07 3.62662e-07 3.64383e-07  1.6212e-10
0.000180003     0.81805    0.106344   0.0750193 0.000124673 0.000148182 0.000133892 1.32648e-08
   0.998089 0.000636635 0.000636631  0.00063665 2.68233e-07  2.6765e-07  2.6884e-07 1.05005e-10
    0.99656  0.00114607  0.00114605  0.00114607 7.52901e-07 7.53443e-07 7.53793e-07 4.46142e-10
 2.5074e-05    0.746951   0.0879413    0.164806 8.69297e-05 5.66549e-05 0.000133029 1.96217e-09
6.72679e-10  0.00128971    0.524686    0.473949 3.56839e-05 3.95037e-05 9.74705e-08 1.48305e-11
0.000878138     0.33397     0.33222    0.332395 0.000179055 0.000179103 0.000178633 5.48969e-08
0.000364187    0.367778    0.289306    0.342147  1.4872e-06 1.42628e-07 0.000403646 2.82543e-08
1.01068e-07    0.284596   0.0719713    0.642784 0.000417006 4.66899e-05 0.000184623 8.07845e-11
   0.998611  0.00046287 0.000462867 0.000462881 1.50674e-07 1.50429e-07 1.50706e-07 4.58432e-11
   0.984266  0.00523609  0.00523617   0.0052366 8.36791e-06 8.36824e-06 8.36933e-06 1.05733e-08
5.13182e-06    0.160402    0.416986    0.422597 3.37476e-07 3.49511e-07  9.4216e-06 2.81938e-11
5.55466e-05     0.63134    0.180361    0.188183 2.40001e-05 2.43601e-05 1.18987e-05  7.1518e-10
1.85147e-05    0.337423    0.331264    0.331272 7.25105e-06 7.25115e-06 7.18453e-06 8.96501e-11
   0.994547  0.00181617  0.00181617  0.00181621 1.63433e-06 1.63567e-06 1.63684e-06 1.28127e-09
   0.995266  0.00157673  0.00157672  0.00157675  1.2925e-06 1.29386e-06 1.29533e-06 9.33784e-10
   0.997472 0.000842182 0.000842166  0.00084219 4.40419e-07 4.40793e-07 4.41473e-07 2.11956e-10
2.09031e-05   0.0529884    0.485947    0.461013 2.82745e-06 2.61229e-06 2.45585e-05 2.22142e-10
   0.994901  0.00169807  0.00169806   0.0016981 1.46234e-06 1.46356e-06 1.46506e-06 1.10279e-09
0.000141842    0.333295     0.33322     0.33321   4.472e-05 4.47195e-05 4.47143e-05 3.39656e-09
   0.990849  0.00304647  0.00304658  0.00304662 3.73873e-06 3.73988e-06 3.74095e-06 3.82436e-09
   0.997904 0.000698234 0.000698227 0.000698248  3.1633e-07 3.15907e-07 3.17679e-07 1.33664e-10
   0.981011  0.00631822  0.00631879  0.00631916 1.08896e-05 1.08895e-05 1.08903e-05 1.45502e-08
   0.998796 0.000401367 0.000401364 0.000401377 1.15953e-07 1.15912e-07 1.16195e-07 3.14134e-11
   0.998689 0.000437018 0.000437015  0.00043703 1.35608e-07 1.35452e-07 1.35709e-07 3.93807e-11
   0.996238   0.0012532  0.00125318  0.00125321 8.77326e-07 8.77822e-07  8.7869e-07 5.50419e-10
2.99117e-05    0.455347     0.27235    0.272239 1.23013e-05 1.22991e-05 9.35635e-06 2.20562e-10
6.21698e-07     0.41416    0.294219    0.291617 3.00397e-08 3.14843e-08 3.44121e-06 1.99921e-12
   0.997499  0.00083338 0.000833364 0.000833388 4.32342e-07 4.32696e-07 4.33496e-07 2.06625e-10
   0.988397  0.00386208  0.00386216  0.00386233 5.36501e-06 5.36613e-06 5.36679e-06 6.07554e-09
   0.999807  6.4404e-05 6.44036e-05 6.44046e-05 3.68981e-09 3.65509e-09 3.94779e-09 2.24854e-13
1.08155e-05    0.810244   0.0950788   0.0945831 2.69582e-05 2.70317e-05 2.91931e-05 5.01143e-10
   0.999995 1.76646e-06 1.76646e-06 1.76646e-06 3.30442e-12 4.61153e-12 3.19339e-12 8.54001e-18
   0.999987 4.47463e-06 4.47462e-06 4.47462e-06 2.04823e-11  2.0905e-11 2.07876e-11  8.3518e-17
          1  5.7948e-09  5.7948e-09  5.7948e-09 1.17486e-16 8.65841e-17 3.97507e-17 1.95647e-25
   0.987859  0.00404124  0.00404129  0.00404152 5.74021e-06 5.74124e-06 5.74201e-06 6.61757e-09
8.03852e-10    0.262752   0.0864669    0.650676 6.88028e-05 9.14294e-06 2.77835e-05 7.32895e-11
   0.998351 0.000549559 0.000549553 0.000549571 2.05854e-07 2.05495e-07 2.06004e-07 7.20715e-11
   0.994796  0.00173331  0.00173329  0.00173335 1.51304e-06 1.51419e-06 1.51549e-06 1.15469e-09
   0.997349 0.000883313 0.000883297 0.000883322 4.78876e-07 4.79098e-07 4.79808e-07 2.37737e-10
3.47595e-13 3.16858e-07 3.38783e-10 1.48427e-06    0.460241   0.0600973     0.47966 1.03037e-07
   0.986941  0.00434657  0.00434658  0.00434695 6.39216e-06 6.39286e-06 6.39386e-06  7.5743e-09
8.57739e-09 0.000128285    0.491836    0.507845 9.64741e-05 9.34332e-05 2.44005e-08 5.26333e-13
   0.995733  0.00142117  0.00142114  0.00142122 1.08573e-06 1.08674e-06 1.08804e-06  7.3682e-10
   0.996751  0.00108232  0.00108231  0.00108233  6.8243e-07 6.82638e-07 6.83193e-07 3.89813e-10
   0.993909  0.00202847  0.00202856   0.0020285 1.95874e-06 1.96025e-06  1.9612e-06 1.63307e-09
   0.996237   0.0012534  0.00125338  0.00125341  8.7758e-07  8.7807e-07  8.7895e-07 5.50673e-10
    0.97985  0.00670422  0.00670492  0.00670527  1.1813e-05 1.18128e-05 1.18137e-05  1.6036e-08
   0.998758 0.000414004 0.000414001 0.000414015  1.2275e-07 1.22688e-07 1.22976e-07 3.41099e-11
2.16337e-11  2.0305e-06    0.499012    0.500978 3.83202e-06 3.81698e-06 1.74556e-11 4.73362e-13
   0.988583  0.00380037  0.00380046  0.00380057  5.2371e-06  5.2383e-06 5.23888e-06 5.89269e-09
1.94944e-08  0.00107338    0.476131    0.522417 0.000198063 0.000180514 4.07017e-07 2.40808e-10
   0.989367  0.00353958  0.00353963  0.00353969 4.70481e-06 4.70619e-06 4.70691e-06 5.14117e-09
   0.995091  0.00163507  0.00163506  0.00163509 1.37329e-06 1.37454e-06  1.3759e-06 1.01327e-09
1.94095e-05    0.124105    0.436996    0.438857  6.1891e-06 6.20632e-06 1.05579e-05 1.03235e-10
   0.990712  0.00309202  0.00309215  0.00309215 3.82555e-06 3.82678e-06 3.82787e-06 3.93999e-09
   0.997179 0.000939646 0.000939627 0.000939659 5.33863e-07 5.34013e-07 5.34445e-07 2.77051e-10
   0.986524  0.00448525   0.0044853  0.00448579 6.69319e-06 6.69377e-06 6.69475e-06  8.0222e-09
   0.999784 7.20327e-05 7.20324e-05 7.20332e-05 4.56198e-09 4.51491e-09  4.9136e-09 2.95916e-13
   0.991348  0.00288066  0.00288073  0.00288081 3.42728e-06 3.42864e-06 3.42974e-06 3.41632e-09
    0.99613  0.00128902    0.001289  0.00128906 9.20397e-07 9.20994e-07 9.21871e-07 5.87748e-10
   0.998934 0.000355222  0.00035522 0.000355231 9.26043e-08 9.25891e-08 9.29551e-08 2.27234e-11
    0.99957 0.000143255 0.000143254 0.000143255 1.68782e-08 1.68628e-08 1.71632e-08 1.90822e-12
   0.999704 9.86328e-05 9.86324e-05 9.86333e-05 8.29533e-09 8.26974e-09 8.73197e-09 6.94911e-13
   0.999993 2.38819e-06 2.38819e-06 2.38819e-06 5.60499e-12 6.23017e-12 5.69563e-12 1.41892e-17
   0.999798 6.72051e-05 6.72048e-05 6.72057e-05 4.01164e-09 3.95621e-09 4.28372e-09 2.50046e-13
 2.9809e-11  1.2427e-05    0.497495    0.502478 7.16224e-06 7.09122e-06 1.93688e-10 5.72343e-13
   0.998933 0.000355698 0.000355696 0.000355706 9.28333e-08 9.28204e-08 9.31885e-08  2.2801e-11
   0.999832 5.60245e-05 5.60242e-05 5.60252e-05 2.79842e-09 2.78831e-09 2.97178e-09 1.45872e-13
   0.999802 6.59434e-05  6.5943e-05 6.59439e-05 3.86422e-09 3.81624e-09 4.14113e-09 2.38177e-13
  0.0130591    0.231276     0.37707    0.376641 0.000599815 0.000599429 0.000753654 7.50705e-07
2.40347e-05    0.407804    0.302222    0.289866 5.54985e-07 7.05962e-07 8.33265e-05 1.03699e-09
   0.984049   0.0053081  0.00530821  0.00530863 8.53213e-06 8.53244e-06 8.53352e-06 1.08279e-08
4.56487e-09 1.42677e-06     0.49909    0.500742 8.34167e-05 8.31421e-05 2.67956e-10 2.50516e-12
0.000360547    0.986177  0.00549019  0.00767483 0.000144945 0.000148638 3.33618e-06 2.19057e-08
 0.00045921    0.932443   0.0194387   0.0472396  0.00020896 0.000171421  3.8824e-05 3.55557e-08
0.000244485    0.855726   0.0725657   0.0710674 0.000148328 0.000149594 9.88756e-05 1.85542e-08
    0.99124  0.00291632  0.00291641  0.00291647 3.49365e-06 3.49499e-06 3.49598e-06 3.50253e-09
 7.3248e-05    0.811916   0.0732793    0.114455 0.000101334 8.07665e-05 9.44893e-05 5.66516e-09
   0.990743  0.00308184  0.00308196  0.00308199 3.80611e-06 3.80729e-06 3.80841e-06 3.91402e-09
   0.996821  0.00105908  0.00105906   0.0010591 6.57251e-07  6.5763e-07 6.58082e-07 3.70211e-10
   0.997424 0.000858264 0.000858248 0.000858274 4.55365e-07 4.55701e-07 4.56537e-07 2.22283e-10
   0.999801 6.62177e-05 6.62174e-05 6.62183e-05 3.88796e-09 3.84655e-09 4.18608e-09 2.40389e-13
   0.983571   0.0054672  0.00546731  0.00546766 8.89686e-06 8.89726e-06 8.89829e-06 1.13963e-08
   0.988043  0.00397993  0.00398001  0.00398024 5.61119e-06 5.61223e-06 5.61287e-06 6.43015e-09
    0.99783 0.000723071 0.000723063 0.000723085 3.36689e-07  3.3612e-07 3.37785e-07 1.45579e-10
   0.999936 2.12729e-05 2.12728e-05 2.12729e-05 4.31086e-10 4.25504e-10 4.33473e-10 8.26508e-15
   0.998905 0.000364884 0.000364881  0.00036489 9.73015e-08 9.72786e-08 9.76362e-08 2.44213e-11
5.83141e-09  0.00453478    0.450191    0.545092 9.92747e-05 8.19912e-05 8.25877e-07 3.82906e-12
   0.999848 5.05231e-05 5.05228e-05 5.05236e-05 2.30278e-09 2.28131e-09  2.3795e-09 1.07448e-13
   0.998567 0.000477641 0.000477638 0.000477656 1.59496e-07 1.59308e-07 1.59658e-07 4.98694e-11
   0.985947  0.00467721  0.00467717  0.00467763 7.11423e-06 7.11466e-06 7.11592e-06 8.65477e-09
   0.999967 1.11274e-05 1.11274e-05 1.11274e-05 1.17439e-10 1.30267e-10 1.28029e-10 1.26554e-15
   0.999205 0.000264787 0.000264785 0.000264789 5.38794e-08 5.36986e-08 5.39425e-08 1.03147e-11
 0.00016955    0.994983  0.00262603  0.00204524 8.83481e-05 8.73372e-05 7.49342e-07 7.80049e-09
8.24446e-08     0.31122    0.653112   0.0356503 1.07668e-06 9.58277e-06 6.59304e-06 7.34348e-12
   0.994678  0.00177255  0.00177253  0.00177259 1.57006e-06 1.57143e-06 1.57269e-06  1.2139e-09
8.77249e-05    0.578197    0.211027    0.210598  3.4931e-05 3.49043e-05 1.97981e-05 1.56511e-09
   0.999396 0.000201422  0.00020142 0.000201423 3.21867e-08 3.22036e-08 3.25541e-08 4.89345e-12
   0.991503  0.00282899  0.00282906  0.00282916 3.33175e-06 3.33314e-06  3.3342e-06 3.29288e-09
   0.999914 2.86516e-05 2.86515e-05 2.86516e-05 7.74164e-10 7.53208e-10 7.74656e-10 2.00967e-14
2.26293e-09 0.000115447    0.507467    0.492279 6.78466e-05 6.99402e-05 1.59796e-08 3.13945e-13
   0.979096  0.00695519   0.0069558  0.00695616 1.24188e-05 1.24187e-05 1.24196e-05 1.70175e-08
   0.999131 0.000289539 0.000289537 0.000289543 6.35326e-08 6.34467e-08 6.36321e-08 1.31206e-11
   0.998126 0.000624296 0.000624294 0.000624316 2.58893e-07 2.58402e-07 2.59415e-07 9.96012e-11
   0.990951  0.00301263  0.00301272  0.00301278 3.67458e-06 3.67574e-06 3.67695e-06 3.73976e-09
    0.98613  0.00461616  0.00461616  0.00461661 6.97977e-06 6.98021e-06 6.98139e-06 8.45202e-09
   0.988356  0.00387597  0.00387606  0.00387623 5.39389e-06 5.39503e-06 5.39559e-06 6.11697e-09
   0.991691  0.00276621  0.00276631  0.00276638 3.21668e-06 3.21802e-06 3.21904e-06  3.1454e-09
5.54885e-09 0.000105224 0.000237108 1.54643e-05  0.00107975    0.349771    0.648785 7.23086e-06
   0.988653  0.00377711  0.00377719  0.00377728 5.18908e-06 5.19031e-06 5.19093e-06 5.82429e-09
   0.990626  0.00312061  0.00312072  0.00312076 3.88031e-06 3.88146e-06 3.88266e-06 4.01294e-09
   0.984751  0.00507484  0.00507493  0.00507529 8.00233e-06 8.00283e-06 8.00381e-06 1.00093e-08
   0.995895   0.0013672  0.00136718  0.00136725  1.0169e-06 1.01775e-06 1.01875e-06 6.72969e-10
   0.985863  0.00470515  0.00470514  0.00470559   7.176e-06 7.17643e-06 7.17762e-06  8.7481e-09
   0.999956 1.45549e-05 1.45549e-05 1.45549e-05 2.04247e-10 2.08512e-10 2.19171e-10 2.75464e-15
   0.990133  0.00328476  0.00328485  0.00328496 4.19857e-06 4.19985e-06 4.20074e-06 4.44299e-09
3.57831e-08 9.57827e-05 0.000127491 0.000225871   0.0741752    0.370907    0.554306 0.000162023
   0.984435  0.00517979  0.00517989  0.00518032 8.23996e-06 8.24033e-06  8.2414e-06 1.03755e-08
   0.997676 0.000774193 0.000774184  0.00077421  3.7971e-07 3.79636e-07 3.81287e-07 1.72483e-10
   0.996255  0.00124762   0.0012476  0.00124763 8.70692e-07 8.71266e-07 8.72048e-07 5.44973e-10
  2.517e-08 2.91859e-05    0.503592    0.495954 0.000210675 0.000213919 1.25168e-08 2.61457e-10
   0.999596 0.000134802 0.000134801 0.000134802  1.5032e-08 1.50307e-08 1.53135e-08 1.61359e-12
   0.999133 0.000288939 0.000288937 0.000288942 6.32885e-08 6.32028e-08  6.3378e-08 1.30487e-11
7.54694e-14  3.0231e-07 2.18846e-07 1.03559e-06    0.665225    0.140579    0.194194 8.39246e-13
   0.990931  0.00301933  0.00301943  0.00301948 3.68726e-06 3.68843e-06  3.6896e-06 3.75643e-09
   0.999907 3.08338e-05 3.08336e-05 3.08337e-05 8.86305e-10 8.70512e-10 8.96458e-10 2.45824e-14
   0.989938   0.0033496  0.00334966  0.00334978 4.32602e-06 4.32731e-06 4.32821e-06 4.61706e-09
   0.997661 0.000779435 0.000779427 0.000779454 3.84162e-07 3.84215e-07 3.85748e-07 1.75147e-10
   0.996777  0.00107353  0.00107352  0.00107355 6.72852e-07 6.73103e-07 6.73595e-07 3.82161e-10
    0.99296  0.00234405  0.00234411  0.00234411 2.47404e-06 2.47554e-06 2.47689e-06  2.2284e-09
   0.996836  0.00105412   0.0010541  0.00105414 6.51901e-07 6.52441e-07 6.52789e-07 3.66238e-10
   0.999985 5.09911e-06  5.0991e-06  5.0991e-06 2.53517e-11   2.734e-11 2.56717e-11 1.27635e-16
   0.999615 0.000128314 0.000128313 0.000128314  1.3678e-08 1.36954e-08 1.40231e-08  1.4158e-12
   0.992576  0.00247178  0.00247187  0.00247186 2.69271e-06 2.69425e-06 2.69515e-06 2.49129e-09
4.10406e-05    0.431702    0.312185    0.255932 1.15438e-06 2.73024e-06 0.000135619 2.41049e-09
 7.9093e-05    0.331798    0.335211     0.33283 2.71011e-05 2.70046e-05 2.71432e-05 1.24377e-09
0.000654809   0.0080035    0.506715    0.484192 8.61074e-05 8.27053e-05 0.000265648 4.08681e-08
1.75447e-07   0.0103407     0.42323    0.565883 0.000308798 0.000230955 5.64341e-06 1.86197e-10
   0.996957  0.00101373  0.00101372  0.00101374 6.09226e-07 6.09548e-07 6.10288e-07 3.33478e-10
   0.993806  0.00206261  0.00206269  0.00206265 2.01266e-06 2.01413e-06 2.01489e-06 1.69294e-09
   0.997808 0.000730474 0.000730465 0.000730489 3.42828e-07  3.4226e-07  3.4408e-07 1.49419e-10
9.44187e-05    0.456813    0.278588    0.264244  5.0155e-06  5.9924e-06 0.000248956 7.28321e-09
   0.989746  0.00341359  0.00341364   0.0034137  4.4527e-06 4.45411e-06 4.45492e-06 4.79134e-09
6.54949e-10 0.000143715    0.491419     0.50837 3.44598e-05 3.33106e-05 1.00503e-08 2.40318e-13
    0.99405  0.00198129  0.00198136  0.00198132 1.88505e-06 1.88653e-06 1.88758e-06  1.5521e-09
 3.4279e-09    0.687946    0.156313    0.155739 3.84245e-07 3.85535e-07 1.27282e-06  4.0493e-13
   0.993241  0.00225061  0.00225067  0.00225066 2.31763e-06 2.31912e-06 2.32048e-06 2.04322e-09
   0.998897 0.000367652 0.000367649 0.000367659 9.86682e-08 9.86431e-08 9.89864e-08 2.49141e-11
0.000811388     0.34063    0.321867    0.336183 0.000168835 0.000172517 0.000167717 4.93129e-08
   0.992234   0.0025856  0.00258568  0.00258568 2.89208e-06 2.89359e-06 2.89455e-06 2.73694e-09
   0.987763  0.00407302  0.00407306  0.00407327 5.80732e-06 5.80833e-06 5.80911e-06 6.71513e-09
          1 1.31046e-07 1.31046e-07 1.31046e-07 1.79445e-14 1.92065e-14 1.96315e-14 2.28836e-21
   0.999579 0.000140357 0.000140356 0.000140357 1.62314e-08   1.622e-08 1.65377e-08 1.80261e-12
   0.988514  0.00382315   0.0038232  0.00382336 5.28422e-06 5.28538e-06 5.28609e-06 5.96001e-09
1.08293e-11 8.04327e-06 6.53561e-07 8.18982e-07     0.23368    0.203921    0.562389 2.53245e-07
2.58644e-05    0.789852     0.11441   0.0955266  5.3083e-05 5.88566e-05 7.33619e-05  1.8198e-09
0.000255477    0.899682   0.0535606   0.0461542 0.000142728 0.000149407  5.5154e-05 1.98584e-08
   0.999452 0.000182504 0.000182502 0.000182505 2.67191e-08 2.66853e-08 2.69824e-08 3.72954e-12
   0.999814  6.1901e-05 6.19006e-05 6.19018e-05 3.39471e-09 3.38837e-09 3.61918e-09 1.95639e-13
   0.997477 0.000840426 0.000840411 0.000840433 4.38862e-07 4.39208e-07 4.39875e-07  2.1103e-10
   0.988486  0.00383272  0.00383278  0.00383295 5.30406e-06  5.3052e-06 5.30593e-06 5.98837e-09
   0.988199  0.00392798  0.00392809  0.00392827 5.50238e-06  5.5035e-06 5.50404e-06 6.27299e-09
 0.00303387    0.573299    0.201895     0.22068 0.000417446 0.000431697 0.000242388 2.35955e-07
   0.999607 0.000130894 0.000130893 0.000130894  1.4208e-08 1.42132e-08 1.45688e-08 1.49244e-12
   0.991497  0.00283101  0.00283108  0.00283118 3.33548e-06 3.33687e-06 3.33794e-06 3.29775e-09
   0.980342  0.00654086   0.0065414  0.00654183 1.14208e-05 1.14206e-05 1.14215e-05 1.54032e-08
   0.012872    0.110272    0.442979    0.431987 0.000505346 0.000496985 0.000887092 7.24988e-07
1.57205e-08 0.000432251     0.48498    0.514369 0.000112561  0.00010613 9.46131e-08 2.83141e-12
   0.999937 2.11448e-05 2.11447e-05 2.11449e-05  4.2842e-10  4.2141e-10 4.30808e-10 8.16837e-15
   0.997896 0.000701142 0.000701135 0.000701155 3.18667e-07 3.18206e-07 3.19934e-07 1.34861e-10
3.67601e-10  3.0831e-05    0.496038     0.50389 2.10593e-05 2.07311e-05 1.36614e-09 1.70901e-11
   0.999912  2.9469e-05 2.94688e-05  2.9469e-05 8.05098e-10 7.97759e-10 8.12421e-10 2.11937e-14
   0.990578  0.00313654  0.00313664   0.0031367  3.9109e-06 3.91205e-06 3.91324e-06 4.05396e-09
 0.00227062   0.0167556     0.97592  0.00427445 0.000310423 1.66296e-06 0.000467032 1.56104e-07
   0.999133 0.000288907 0.000288905  0.00028891 6.32755e-08 6.31896e-08 6.33722e-08 1.30442e-11
   0.998964 0.000345223 0.000345221 0.000345229 8.78799e-08 8.78573e-08 8.81426e-08 2.10105e-11
0.000398726    0.815108   0.0895006    0.094685 0.000135546  0.00013748 3.45642e-05 2.02782e-08
   0.992975  0.00233931  0.00233937  0.00233936 2.46603e-06  2.4675e-06 2.46885e-06 2.21873e-09
1.51443e-08 4.77573e-05     0.50475    0.494984 0.000108196 0.000110331 1.04622e-08 3.27715e-12
0.000158158    0.758772    0.114944    0.125596  0.00014559  0.00013731 0.000246724 8.66355e-09
   0.999999 3.83322e-07 3.83322e-07 3.83322e-07 1.97711e-13 1.52582e-13 1.45575e-13 6.58959e-20
    0.99999 3.46388e-06 3.46388e-06 3.46387e-06 1.17565e-11  1.2042e-11 1.19422e-11 4.12919e-17
1.77971e-10    0.353294   0.0351849    0.611463 3.53106e-05 2.03182e-06 2.04022e-05 3.26618e-11
   0.994088  0.00196876  0.00196881  0.00196879 1.86561e-06 1.86695e-06 1.86805e-06 1.53033e-09
9.03141e-05    0.846633   0.0578616   0.0951646  0.00010177 8.24418e-05 6.63541e-05 6.81619e-09
1.13891e-14 5.13104e-10 5.34345e-10 5.17895e-10 2.25835e-05 2.25835e-05 2.25836e-05    0.999932
   0.990091  0.00329874   0.0032988  0.00329893 4.22595e-06 4.22721e-06  4.2282e-06 4.48033e-09
   0.991964  0.00267566  0.00267576  0.00267578 3.05271e-06 3.05425e-06 3.05502e-06 2.93785e-09
   0.999908  3.0633e-05 3.06329e-05  3.0633e-05 8.73161e-10 8.61159e-10 8.78016e-10 2.38209e-14
   0.989489  0.00349888  0.00349893  0.00349894 4.62297e-06 4.62438e-06  4.6252e-06  5.0272e-09
    0.99201  0.00266014  0.00266025  0.00266024 3.02485e-06 3.02638e-06 3.02717e-06 2.90286e-09
   0.994166  0.00194293    0.001943  0.00194298 1.82576e-06 1.82712e-06 1.82812e-06 1.48667e-09
0.000276634    0.496827    0.269281    0.233132 1.53143e-05 2.18517e-05 0.000446956 1.81469e-08
   0.999585 0.000138283 0.000138282 0.000138283 1.57837e-08 1.57687e-08 1.60395e-08 1.72928e-12
   0.993377  0.00220525  0.00220532  0.00220529 2.24283e-06 2.24443e-06 2.24545e-06 1.95611e-09
   0.997887 0.000703951 0.000703944 0.000703964 3.20966e-07 3.20472e-07 3.22172e-07 1.36186e-10
   0.995805  0.00139719  0.00139716  0.00139723 1.05494e-06 1.05564e-06 1.05714e-06  7.0776e-10
   0.999518 0.000160527 0.000160526 0.000160527 2.09599e-08 2.09319e-08  2.1118e-08 2.61737e-12
 0.00100596 6.76638e-05    0.469298    0.529061 9.03928e-05 0.000101759 0.000375123 7.29126e-08
    0.98564  0.00477922  0.00477924  0.00477968 7.34017e-06 7.34058e-06 7.34172e-06 8.99679e-09
1.56294e-06     0.80328   0.0988578   0.0978419 5.76636e-06 5.79851e-06 6.70051e-06 2.12773e-11
    0.98134  0.00620873  0.00620922  0.00620966 1.06297e-05 1.06296e-05 1.06305e-05 1.41344e-08
   0.978365  0.00719822  0.00719879  0.00719916 1.30095e-05 1.30092e-05 1.30103e-05 1.79789e-08
   0.984099  0.00529177  0.00529187   0.0052923 8.49483e-06 8.49512e-06 8.49622e-06   1.077e-08
   0.989072   0.0036377  0.00363776  0.00363786 4.90349e-06 4.90472e-06 4.90541e-06 5.41935e-09
2.95156e-10  0.00152836    0.526801     0.47158 4.29998e-05 4.80349e-05 1.39774e-07  1.7425e-12
1.84264e-05     0.75571    0.159428   0.0846331 4.51333e-05 6.83387e-05 9.72684e-05 1.36615e-09
   0.999991 2.90543e-06 2.90542e-06 2.90542e-06  8.2265e-12  8.6632e-12 8.40364e-12 2.41656e-17
   0.999772  7.6064e-05 7.60636e-05 7.60645e-05 5.07605e-09 5.01597e-09 5.44713e-09 3.47253e-13
    0.99998 6.71101e-06 6.71101e-06 6.71101e-06 4.32391e-11 4.77276e-11 4.51841e-11 2.98285e-16
   0.999674 0.000108622 0.000108622 0.000108623 1.00185e-08 9.99372e-09 1.02983e-08 9.22822e-13
    0.99967 0.000110075 0.000110074 0.000110075 1.02699e-08 1.02689e-08 1.05545e-08  9.6015e-13
   0.999983 5.57228e-06 5.57227e-06 5.57227e-06 2.99617e-11 3.28113e-11 3.01074e-11 1.77199e-16
   0.999949 1.71251e-05 1.71251e-05 1.71252e-05 2.93625e-10 2.75923e-10 2.96482e-10 4.87803e-15
   0.993354  0.00221298  0.00221306  0.00221303 2.25554e-06 2.25711e-06 2.25818e-06 1.97083e-09
 7.0081e-09 6.75912e-05    0.494067    0.505691 8.84925e-05 8.64589e-05 1.18349e-08 7.25846e-12
   0.984308  0.00522196  0.00522207  0.00522246 8.33577e-06 8.33616e-06  8.3372e-06 1.05237e-08
   0.999954 1.52989e-05 1.52989e-05 1.52989e-05 2.26898e-10 2.28853e-10 2.44357e-10 3.24438e-15
   0.999924 2.52887e-05 2.52886e-05 2.52888e-05 6.09983e-10  5.9244e-10 6.19764e-10 1.41997e-14
   0.999994 2.05548e-06 2.05548e-06 2.05548e-06  4.1351e-12 5.79204e-12 4.34473e-12 1.00571e-17
 3.1406e-08  0.00255179    0.534142    0.462858  0.00020779 0.000239791 1.14584e-06   2.206e-10
   0.995325  0.00155707  0.00155706   0.0015571  1.2657e-06 1.26726e-06 1.26837e-06 9.08085e-10
   0.995854  0.00138107  0.00138104  0.00138111 1.03444e-06  1.0354e-06 1.03637e-06 6.89166e-10
2.08658e-16  2.2723e-07    0.500323    0.499676 1.48482e-07 1.48675e-07 6.57951e-14 1.09636e-15
   0.991935  0.00268504  0.00268513  0.00268516 3.06958e-06 3.07112e-06 3.07193e-06 2.95919e-09
2.19739e-11 9.80985e-06    0.497772    0.502201 8.71956e-06 8.64265e-06 2.02598e-10 1.22246e-11
2.38523e-09 4.55314e-05    0.495137    0.504671 7.40976e-05  7.2698e-05 6.79933e-09 2.70633e-13
          1 3.32822e-11 3.32822e-11 3.32822e-11 1.21461e-21   4.741e-21 1.69015e-21 1.35668e-31
   0.999828  5.7368e-05 5.73677e-05 5.73685e-05 2.93535e-09 2.92528e-09 3.08626e-09 1.56572e-13
   0.999468 0.000177273 0.000177271 0.000177274 2.52826e-08 2.52678e-08 2.55638e-08 3.44251e-12
    0.98541  0.00485561  0.00485563  0.00485606  7.5102e-06 7.51063e-06 7.51175e-06 9.25544e-09
   0.982751  0.00573974  0.00573998  0.00574037 9.52783e-06 9.52798e-06 9.52899e-06  1.2386e-08
0.000137031    0.635901    0.183002    0.180829 5.30311e-05 5.28111e-05  2.5707e-05 3.42677e-09
   0.993377  0.00220539  0.00220547  0.00220543 2.24307e-06 2.24467e-06 2.24568e-06 1.95639e-09
   0.997941 0.000686018  0.00068601 0.000686028 3.06596e-07 3.06102e-07 3.07653e-07 1.27756e-10
   0.989647  0.00344635  0.00344641  0.00344645 4.51793e-06  4.5193e-06 4.52013e-06 4.88138e-09
2.56039e-08    0.311948   0.0558867    0.631908 0.000163135 1.44278e-05 8.05335e-05 3.16995e-12
5.99429e-11 5.70711e-06 5.91978e-06 6.53978e-06    0.281609    0.346795    0.371566 1.16431e-05
   0.998135  0.00062135 0.000621348  0.00062137 2.56709e-07 2.56215e-07 2.57272e-07 9.84249e-11
   0.122341   0.0432951    0.388894    0.443843 0.000142421 0.000172077  0.00131199 7.68866e-07
   0.998631 0.000456124  0.00045612 0.000456135 1.46599e-07 1.46457e-07 1.46744e-07 4.40539e-11
 0.00458754   0.0851366    0.457298    0.451675 0.000331632 0.000328788 0.000642831 3.44615e-07
   0.986396  0.00452772  0.00452772  0.00452821 6.78588e-06  6.7864e-06 6.78753e-06 8.16088e-09
   0.999713 9.56987e-05 9.56983e-05 9.56991e-05 7.83723e-09 7.80545e-09 8.27691e-09 6.43294e-13
 5.4384e-05    0.921765   0.0426709   0.0353882 5.21915e-05 5.47787e-05 1.43108e-05 2.73897e-09
0.000852153    0.184976    0.403336    0.410311 0.000152398 0.000153968 0.000218548 5.32507e-08
   0.999999   1.917e-07   1.917e-07   1.917e-07 3.71473e-14 4.96899e-14 3.71901e-14 7.09139e-21
   0.999696 0.000101398 0.000101398 0.000101399 8.74253e-09 8.72627e-09 9.19813e-09   7.532e-13
   0.996169  0.00127622   0.0012762  0.00127624 9.04933e-07 9.05537e-07 9.06457e-07 5.74534e-10
   0.998618 0.000460664 0.000460661 0.000460676 1.49311e-07 1.49125e-07   1.494e-07 4.52199e-11
  0.0137706    0.317462     0.34326    0.323514 0.000668833 0.000649128 0.000675043 7.78002e-07
    0.98784  0.00404761  0.00404766   0.0040479 5.75365e-06 5.75468e-06 5.75543e-06 6.63713e-09
