 0.0554802   0.470921   0.470921 0.00267823
   0.991576   0.0042078  0.00420701 9.51212e-06
2.30944e-12         0.5         0.5 4.95157e-13
   0.984132  0.00792118  0.00792106 2.62267e-05
   0.991749   0.0041212   0.0041204 9.18718e-06
   0.982352  0.00880856  0.00880866 3.08026e-05
   0.990348  0.00482039  0.00481968 1.19142e-05
   0.999952 2.40954e-05  2.4095e-05 5.55428e-10
   0.997513  0.00124322  0.00124307 1.11354e-06
    0.99362  0.00318735  0.00318674 5.94255e-06
  0.994314 0.00284104 0.00284052 4.8728e-06
9.75264e-13         0.5         0.5 2.91956e-13
   0.999663 0.000168646 0.000168638 2.52719e-08
2.90422e-14         0.5         0.5 1.02541e-14
   0.992077  0.00395782  0.00395701 8.58464e-06
  0.981967 0.00900069 0.00900085 3.1814e-05
   0.997564  0.00121744  0.00121729 1.07162e-06
   0.998386 0.000806681   0.0008066 5.00588e-07
   0.997946  0.00102661  0.00102649 7.83118e-07
4.30825e-12         0.5         0.5 7.02271e-13
   0.996595  0.00170186  0.00170162 1.96902e-06
 0.0580239    0.46964    0.46964 0.00269663
   0.979791   0.0100852   0.0100857 3.76406e-05
   0.997166  0.00141628   0.0014161 1.41241e-06
    0.98141  0.00927805  0.00927828 3.32857e-05
   0.999657 0.000171578  0.00017157 2.61313e-08
   0.981885  0.00904163   0.0090418 3.20304e-05
   0.999553 0.000223422  0.00022341 4.35592e-08
5.00268e-12         0.5         0.5 7.61393e-13
   0.996442  0.00177795  0.00177769 2.12999e-06
   0.991273  0.00435897   0.0043582 1.00883e-05
    0.9936 0.00319754 0.00319693 5.9752e-06
 1.3785e-11         0.5         0.5 1.28537e-12
   0.997485   0.0012572  0.00125704 1.13655e-06
    0.98199   0.0089892  0.00898935 3.17533e-05
   0.991129  0.00443089  0.00443012 1.03664e-05
4.89393e-08 0.000235165 0.000235154     0.99953
   0.998283 0.000858064 0.000857975 5.61617e-07
1.53006e-12         0.5         0.5 3.87817e-13
   0.998991  0.00050428  0.00050424 2.06916e-07
   0.984099  0.00793758  0.00793746 2.63097e-05
0.000194743    0.499834    0.499834 0.000136599
   0.987132  0.00642491  0.00642446 1.89381e-05
   0.988362   0.0058114  0.00581084 1.61409e-05
   0.996875  0.00156175  0.00156153 1.68636e-06
          1 9.32471e-08 9.32472e-08  8.6714e-15
7.31292e-13         0.5         0.5  2.8492e-13
   0.997202  0.00139857  0.00139839 1.38045e-06
   0.992129  0.00393149  0.00393067 8.48881e-06
 0.0197619    0.48906    0.48906 0.00211823
    0.99575  0.00212392  0.00212359 2.92508e-06
    0.98487  0.00755292  0.00755271 2.43786e-05
    0.98356  0.00820639  0.00820633 2.76793e-05
   0.990573  0.00470794  0.00470721 1.14602e-05
  0.986449 0.00676533 0.00676495 2.0542e-05
0.000201982    0.499829    0.499829 0.000140825
   0.998777 0.000611352 0.000611298  2.9769e-07
   0.983153  0.00840917  0.00840917 2.87229e-05
   0.984646  0.00766462  0.00766444 2.49358e-05
   0.980804  0.00958019  0.00958051 3.49039e-05
   0.984962  0.00750722    0.007507 2.41515e-05
   0.995329  0.00233409   0.0023337 3.45593e-06
   0.99411 0.00294275 0.00294221 5.1788e-06
6.45061e-13         0.5         0.5  2.2071e-13
   0.999657 0.000171444 0.000171436 2.60918e-08
1.27055e-13         0.5         0.5 9.75359e-14
   0.984555  0.00770979  0.00770962 2.51619e-05
   0.999743 0.000128686 0.000128681 1.49386e-08
   0.999367 0.000316656 0.000316636 8.52189e-08
2.55963e-12         0.5         0.5 5.65633e-13
   0.999995 2.52448e-06 2.52447e-06 6.28266e-12
   0.982397  0.00878603  0.00878613 3.06845e-05
   0.999981 9.69988e-06 9.69978e-06  9.1485e-11
   0.999386 0.000306784 0.000306765 8.01967e-08
   0.999219 0.000390246 0.000390219 1.27089e-07
  0.995452 0.00227274 0.00227237 3.2974e-06
   0.985738  0.00712021   0.0071199 2.22501e-05
   0.988665  0.00565984  0.00565925 1.54699e-05
   0.983736  0.00811836  0.00811829 2.72291e-05
   0.997102  0.00144818  0.00144798 1.47073e-06
9.45343e-12         0.5         0.5 1.06299e-12
   0.999519  0.00024037 0.000240357 5.01594e-08
     0.9876  0.00619111  0.00619062 1.78573e-05
  0.989692 0.00514756 0.00514689 1.3266e-05
   0.983419  0.00827641  0.00827637 2.80387e-05
5.30475e-12         0.5         0.5 8.23012e-13
   0.993432  0.00328126  0.00328063 6.24588e-06
   0.983881  0.00804625  0.00804616 2.68615e-05
   0.991843   0.0040744  0.00407359 9.01315e-06
0.00346673   0.497753   0.497753 0.00102822
   0.999964 1.82177e-05 1.82174e-05 3.19351e-10
   0.999423 0.000288706 0.000288688 7.13697e-08
   0.982902  0.00853408  0.00853411 2.93699e-05
   0.994384   0.0028058   0.0028053 4.76841e-06
    0.99946 0.000269729 0.000269713  6.2625e-08
   0.978956   0.0105016   0.0105022 3.99249e-05
   0.989699  0.00514429  0.00514362 1.32523e-05
   0.996966  0.00151613  0.00151593 1.59827e-06
   0.991732  0.00412971  0.00412891 9.21894e-06
   0.993743  0.00312599   0.0031254 5.74735e-06
  0.996562 0.00171818 0.00171793 2.0031e-06
   0.980691   0.0096366  0.00963694 3.52076e-05
     0.9999 4.99302e-05  4.9929e-05 2.33867e-09
   0.994282  0.00285698  0.00285646 4.92029e-06
   0.985684  0.00714679  0.00714649 2.23794e-05
   0.997221  0.00138882  0.00138864 1.36298e-06
0.000122687    0.499893    0.499893   9.217e-05
  0.994224  0.0028857 0.00288517 5.0063e-06
   0.999866 6.70389e-05 6.70369e-05 4.17305e-09
3.33255e-10 1.85994e-05 1.85991e-05    0.999963
2.66196e-16         0.5         0.5  5.2333e-15
   0.998204 0.000897532 0.000897436 6.10587e-07
   0.995153  0.00242166  0.00242125 3.68723e-06
4.66278e-13         0.5         0.5 1.74504e-13
   0.994845   0.0025759  0.00257545 4.10859e-06
   0.998428 0.000785775 0.000785697 4.76651e-07
2.85675e-11         0.5         0.5 1.84849e-12
   0.989255   0.0053655  0.00536486 1.41911e-05
   0.988641  0.00567207  0.00567148 1.55237e-05
   0.995067  0.00246462   0.0024642 3.80282e-06
 0.0236603   0.487055   0.487055 0.00222967
   0.99158 0.00420543 0.00420465 9.5032e-06
   0.987561  0.00621098  0.00621049 1.79485e-05
   0.996546   0.0017263  0.00172605 2.02015e-06
   0.994388  0.00280406  0.00280355 4.76327e-06
    0.99919 0.000404863 0.000404834  1.3632e-07
1.23297e-05    0.499988    0.499988 1.12157e-05
   0.985439  0.00726919  0.00726892 2.29774e-05
1.84575e-13 4.30879e-07 4.30878e-07    0.999999
   0.981767  0.00910042   0.0091006 3.23416e-05
 0.0219202   0.487949   0.487948 0.00218285
3.09623e-11         0.5         0.5 1.91602e-12
   0.989022  0.00548221  0.00548159 1.46942e-05
    0.99363  0.00318231   0.0031817 5.92642e-06
  0.004023   0.497433   0.497433 0.00111158
   0.994491  0.00275262  0.00275213 4.61248e-06
   0.998911 0.000544464 0.000544419 2.39227e-07
   0.998158 0.000920732 0.000920633  6.4021e-07
1.89133e-14         0.5         0.5 5.28597e-15
2.92326e-11         0.5         0.5 1.86761e-12
1.55969e-11         0.5         0.5 7.38754e-12
   0.999072 0.000463858 0.000463822 1.76588e-07
   0.995162  0.00241735  0.00241695 3.67573e-06
   0.986403  0.00678831  0.00678793 2.06516e-05
   0.995407  0.00229516  0.00229478 3.35499e-06
3.02369e-12         0.5         0.5 6.17039e-13
   0.986053  0.00696268  0.00696234 2.14875e-05
0.000541145    0.499575    0.499575 0.000308209
4.04134e-16         0.5         0.5 3.91837e-16
0.000411314    0.499669    0.499669 0.000249894
   0.994258  0.00286888  0.00286836 4.95586e-06
   0.986794  0.00659312  0.00659271 1.97263e-05
5.98907e-12         0.5         0.5 8.74906e-13
   0.999322  0.00033921 0.000339188 9.72259e-08
  0.992248 0.00387212 0.00387132 8.2742e-06
 0.00194971    0.498655    0.498655 0.000739989
9.27412e-12         0.5         0.5 1.05262e-12
   0.990432  0.00477857  0.00477785 1.17447e-05
   0.999856 7.20326e-05 7.20304e-05 4.80474e-09
    0.98966  0.00516386  0.00516319 1.33346e-05
   0.985572  0.00720284  0.00720255 2.26528e-05
3.57379e-06  0.00220816  0.00220792     0.99558
7.42336e-06    0.499993    0.499993 6.89515e-06
   0.999915 4.25331e-05 4.25321e-05 1.70549e-09
2.55775e-13         0.5         0.5 1.08428e-13
   0.998715 0.000642387 0.000642329 3.26765e-07
   0.991343  0.00432415  0.00432338 9.95463e-06
    0.9951 0.00244824 0.00244782 3.7586e-06
   0.999997 1.46617e-06 1.46617e-06 2.12642e-12
   0.980717  0.00962397  0.00962431 3.51396e-05
   0.995888  0.00205495  0.00205463 2.75856e-06
   0.997537  0.00123115    0.001231 1.09383e-06
 0.0564781   0.470418   0.470418 0.00268563
   0.999685 0.000157567  0.00015756  2.2149e-08
1.88491e-05  0.00538124  0.00538047    0.989219
0.000521523    0.499589    0.499589  0.00029975
   0.995433  0.00228181  0.00228144 3.32065e-06
    0.99964 0.000180096 0.000180087 2.87052e-08
   0.988927  0.00552912  0.00552851 1.48979e-05
   0.985545  0.00721615  0.00721586 2.27178e-05
3.28162e-05     0.49997     0.49997 2.81744e-05
   0.997107  0.00144603  0.00144584 1.46678e-06
  0.465673   0.266097   0.266104 0.00212656
   0.998982 0.000509144 0.000509103 2.10713e-07
   0.998054  0.00097248 0.000972373 7.08489e-07
   0.995786  0.00210556  0.00210523 2.88038e-06
   0.994735  0.00263042  0.00262996 4.26169e-06
   0.991001  0.00449461  0.00449385 1.06148e-05
  0.992541 0.00372597 0.00372521  7.754e-06
   0.995302  0.00234758  0.00234719 3.49119e-06
   0.982488  0.00874075  0.00874084 3.04473e-05
   0.985531  0.00722316  0.00722287 2.27521e-05
   0.999945 2.73369e-05 2.73364e-05 7.12848e-10
   0.999664 0.000167805 0.000167798 2.50283e-08
   0.998594 0.000703022 0.000702956 3.87065e-07
   0.987288  0.00634705  0.00634658 1.85762e-05
   0.993411  0.00329189  0.00329125 6.28056e-06
  0.990647 0.00467142 0.00467068 1.1314e-05
 0.00197686    0.498638    0.498638 0.000746234
   0.999935 3.23959e-05 3.23952e-05 9.96898e-10
   0.996959  0.00151968  0.00151948 1.60506e-06
   0.987583  0.00619957  0.00619907 1.78961e-05
   0.999822 8.91904e-05 8.91874e-05 7.30213e-09
   0.999763 0.000118727 0.000118722 1.27683e-08
    0.98035  0.00980657  0.00980696 3.61259e-05
2.79543e-10    0.500002    0.499998 4.28952e-12
   0.999103  0.00044857 0.000448536 1.65694e-07
   0.999545 0.000227584 0.000227572 4.51395e-08
   0.993201  0.00339652  0.00339585 6.62555e-06
   0.996897  0.00155064  0.00155042 1.66472e-06
   0.999948 2.59158e-05 2.59153e-05 6.41462e-10
   0.999894 5.29285e-05 5.29271e-05 2.62297e-09
0.00528329   0.496722   0.496722 0.00127221
   0.996658  0.00167023     0.00167 1.90364e-06
   0.999975 1.24799e-05 1.24798e-05 1.50869e-10
   0.995562  0.00221748  0.00221712 3.15708e-06
    0.99224  0.00387636  0.00387555 8.28945e-06
    0.99881 0.000594752   0.0005947 2.82642e-07
    0.99794   0.0010298  0.00102968 7.87619e-07
  0.994789 0.00260364 0.00260318 4.1862e-06
   0.985535  0.00722144  0.00722116 2.27437e-05
    0.98861   0.0056877  0.00568712 1.55926e-05
   0.995921  0.00203805  0.00203773 2.71836e-06
   0.996082  0.00195811  0.00195781 2.53139e-06
   0.993006  0.00349363  0.00349293 6.95162e-06
  0.992876 0.00355893 0.00355821  7.174e-06
  0.984429 0.00777277 0.00777261 2.5478e-05
   0.999951 2.45491e-05 2.45487e-05 5.76302e-10
   0.985955  0.00701157  0.00701124 2.17235e-05
   0.999439 0.000280304 0.000280287 6.74317e-08
   0.998681 0.000659295 0.000659235 3.43118e-07
   0.990405  0.00479193  0.00479121 1.17987e-05
   0.999998 9.68664e-07 9.68663e-07 9.30063e-13
4.48412e-12         0.5         0.5 7.17705e-13
   0.985819  0.00707972  0.00707941 2.20534e-05
4.69387e-06  0.00255291  0.00255261     0.99489
   0.990977  0.00450669  0.00450594 1.06621e-05
   0.986539  0.00672029   0.0067199 2.03278e-05
6.16114e-11    0.500001    0.499999 2.54193e-12
   0.998265 0.000867204 0.000867114 5.72798e-07
2.52069e-13         0.5         0.5 1.07103e-13
1.71781e-09 4.26137e-05 4.26128e-05    0.999915
 1.609e-13        0.5        0.5 7.2016e-14
   0.993754  0.00312062  0.00312003 5.73038e-06
0.000593594    0.499538    0.499538 0.000330267
   0.979268    0.010346   0.0103466 3.90688e-05
1.35164e-13         0.5         0.5 6.10959e-14
  0.991625 0.00418298 0.00418219 9.4186e-06
   0.996614  0.00169235  0.00169211 1.94926e-06
   0.998454 0.000772722 0.000772646  4.6197e-07
   0.999865 6.75073e-05 6.75053e-05 4.23047e-09
    0.99379  0.00310266  0.00310207 5.67375e-06
   0.999995 2.30061e-06  2.3006e-06 5.22119e-12
0.000515706    0.499594    0.499594  0.00029722
    0.99605  0.00197374  0.00197343 2.56753e-06
   0.999229 0.000385421 0.000385394 1.24108e-07
0.000325655    0.499733    0.499733 0.000207933
   0.987678  0.00615227  0.00615177 1.76795e-05
   0.998787 0.000606221 0.000606167 2.93001e-07
   0.993561  0.00321683  0.00321621 6.03717e-06
   0.998855 0.000572419  0.00057237 2.62956e-07
2.26117e-14         0.5         0.5 7.06001e-15
6.87046e-13         0.5         0.5  2.3064e-13
1.19605e-12         0.5         0.5 3.75804e-13
  0.986414 0.00678294 0.00678256 2.0626e-05
   0.999815 9.23133e-05 9.23101e-05 7.81071e-09
   0.999813 9.34332e-05 9.34299e-05 7.99711e-09
   0.981273  0.00934659  0.00934684 3.36514e-05
   0.998754 0.000622859 0.000622804 3.08328e-07
   0.997672  0.00116341  0.00116327 9.85994e-07
   0.983457  0.00825773   0.0082577 2.79428e-05
   0.996272  0.00186317  0.00186289 2.31636e-06
9.78205e-11    0.500001    0.499999 3.06194e-12
   0.996125  0.00193637  0.00193607 2.48147e-06
   0.992385  0.00380395  0.00380317 8.03011e-06
 0.00202255     0.49861     0.49861 0.000756627
   0.999186 0.000406968 0.000406939 1.37675e-07
   0.992643  0.00367504  0.00367429 7.57548e-06
5.36021e-13         0.5         0.5 2.37834e-13
   0.999977 1.15874e-05 1.15873e-05 1.30213e-10
   0.994831  0.00258283  0.00258238 4.12793e-06
   0.982335  0.00881723  0.00881734 3.08481e-05
   0.990416   0.0047863  0.00478558 1.17759e-05
4.66393e-13         0.5         0.5  2.1902e-13
   0.996778  0.00161018  0.00160996 1.78202e-06
9.73385e-16         0.5         0.5 7.29668e-15
3.35141e-11         0.5         0.5 1.95761e-12
   0.99413 0.00293291 0.00293237 5.1489e-06
  0.996712 0.00164316 0.00164293 1.8484e-06
3.77203e-12 1.95424e-06 1.95423e-06    0.999996
   0.995821  0.00208828  0.00208795 2.83855e-06
   0.998574 0.000712907  0.00071284 3.97327e-07
   0.999512 0.000243833 0.000243819 5.15617e-08
3.64391e-10    0.500002    0.499998 4.59496e-12
2.25727e-08 0.000158121 0.000158115    0.999684
   0.983217  0.00837719  0.00837718 2.85578e-05
   0.999758 0.000121164 0.000121159 1.32842e-08
   0.999503 0.000248726 0.000248711 5.35745e-08
   0.993611  0.00319162  0.00319101 5.95623e-06
   0.996236  0.00188082  0.00188054 2.35577e-06
          1 1.59444e-07 1.59445e-07 2.53321e-14
   0.996179  0.00190939   0.0019091 2.42008e-06
   0.993819   0.0030882  0.00308762 5.62831e-06
  0.997795 0.00110192 0.00110179 8.9232e-07
 0.00129543    0.499067    0.499067 0.000571092
   0.988813  0.00558639  0.00558579 1.51477e-05
  0.0012159    0.499118    0.499118 0.000547634
    0.99404  0.00297753  0.00297698 5.28503e-06
   0.999861 6.95448e-05 6.95427e-05 4.48464e-09
   0.984587  0.00769397  0.00769379 2.50826e-05
   0.994546  0.00272475  0.00272426 4.53155e-06
   0.991564  0.00421381  0.00421302 9.53483e-06
   0.988806  0.00558974  0.00558914 1.51624e-05
   0.999035 0.000482339 0.000482301 1.90181e-07
   0.988639  0.00567295  0.00567236 1.55276e-05
   0.997879  0.00106017  0.00106005 8.31021e-07
   0.986789  0.00659596  0.00659555 1.97397e-05
   0.991975  0.00400859  0.00400779 8.77039e-06
3.47065e-13         0.5         0.5   1.833e-13
   0.982617  0.00867654  0.00867661 3.01117e-05
    0.98502  0.00747802  0.00747779 2.40067e-05
0.00177483   0.498763   0.498763 0.00069847
 0.00102631    0.499243    0.499243 0.000488389
   0.981682  0.00914276  0.00914296 3.25661e-05
   0.998581 0.000709529 0.000709461 3.93806e-07
    0.98471  0.00763284  0.00763265 2.47769e-05
   0.999632 0.000184215 0.000184206 2.99911e-08
0.000143196    0.499876    0.499876 0.000105295
   0.979783   0.0100892   0.0100897 3.76625e-05
   0.992464  0.00376433  0.00376355 7.88938e-06
0.0133796  0.492377  0.492376 0.0018674
   0.998928 0.000535782 0.000535738 2.32065e-07
   0.993226  0.00338392  0.00338326 6.58367e-06
   0.998978 0.000511164 0.000511123   2.123e-07
   0.989879  0.00505438   0.0050537 1.28764e-05
   0.999571 0.000214556 0.000214545 4.02821e-08
0.00563733   0.496525   0.496525 0.00131179
0.00873817   0.494836   0.494836 0.00158927
   0.994243   0.0028763  0.00287578 4.97811e-06
    0.99242  0.00378632  0.00378554 7.96739e-06
 5.9455e-11    0.500001    0.499999 2.52732e-12
 0.00247225    0.498338    0.498338 0.000851978
1.70921e-14         0.5         0.5 4.44012e-15
   0.999775 0.000112324  0.00011232 1.14595e-08
   0.998992 0.000503725 0.000503685 2.06485e-07
   0.997886  0.00105668  0.00105656 8.25987e-07
   0.999545 0.000227584 0.000227572 4.51395e-08
   0.993655  0.00316992  0.00316932 5.88688e-06
   0.983421  0.00827526  0.00827523 2.80328e-05
   0.998528 0.000735919 0.000735848 4.21682e-07
   0.988634  0.00567549  0.00567491 1.55388e-05
   0.999373  0.00031337  0.00031335 8.35315e-08
0.00622275   0.496202   0.496202 0.00137293
   0.990233  0.00487768  0.00487698 1.21476e-05
   0.987628  0.00617744  0.00617694 1.77947e-05
3.36214e-06    0.499997    0.499997 3.19841e-06
   0.999841 7.95462e-05 7.95437e-05 5.83631e-09
0.000620586    0.499519    0.499519 0.000341324
6.10008e-13         0.5         0.5  2.5655e-13
5.06891e-06    0.499995    0.499995  4.7682e-06
   0.999863 6.85669e-05 6.85648e-05 4.36175e-09
0.000747015    0.499431    0.499431 0.000390721
   0.991618  0.00418663  0.00418584 9.43235e-06
   0.999997 1.69065e-06 1.69064e-06 2.82511e-12
    0.99995 2.49885e-05 2.49881e-05 5.96877e-10
   0.983045  0.00846303  0.00846305 2.90015e-05
   0.999987 6.53115e-06  6.5311e-06  4.1686e-11
    0.99994 3.01864e-05 3.01858e-05 8.67111e-10
 5.2905e-12         0.5         0.5 8.21893e-13
   0.999126 0.000437152 0.000437119 1.57766e-07
  0.997714 0.00114259 0.00114245 9.5383e-07
   0.990462  0.00476332   0.0047626 1.16831e-05
1.85064e-13         0.5         0.5 1.23977e-13
   0.993284  0.00335533  0.00335468 6.48895e-06
    0.99911 0.000444927 0.000444894 1.63146e-07
   0.980159  0.00990202  0.00990244 3.66435e-05
   0.994783  0.00260667  0.00260622 4.19473e-06
   0.988697  0.00564407  0.00564348 1.54005e-05
   0.991691  0.00415017  0.00414937 9.29546e-06
7.51821e-11 8.78399e-06  8.7839e-06    0.999982
   0.992833  0.00358002   0.0035793 7.24638e-06
3.82149e-12         0.5         0.5 6.96379e-13
   0.993455  0.00326976  0.00326912 6.20843e-06
    0.99516  0.00241854  0.00241813 3.67889e-06
   0.997793   0.0011031  0.00110297 8.94075e-07
1.74629e-11 4.21687e-06 4.21684e-06    0.999992
   0.990884  0.00455274  0.00455199 1.08431e-05
0.000417633    0.499665    0.499665  0.00025287
   0.995422  0.00228747  0.00228709 3.33519e-06
3.3162e-05 0.00730651 0.00730537   0.985355
 0.136243  0.430435  0.430436 0.0028857
1.07313e-10 1.05069e-05 1.05068e-05    0.999979
   0.994115  0.00294012  0.00293958 5.17082e-06
   0.999619 0.000190282 0.000190273 3.19338e-08
   0.993146  0.00342412  0.00342344 6.71765e-06
   0.987539  0.00622183  0.00622134 1.79983e-05
 0.0264989   0.485602   0.485602 0.00229766
   0.98407 0.00795205 0.00795194 2.6383e-05
3.47028e-13         0.5         0.5 1.39072e-13
   0.998614 0.000692718 0.000692654 3.76496e-07
   0.998638 0.000680997 0.000680933 3.64632e-07
    0.99641  0.00179411  0.00179384 2.16484e-06
   0.995459  0.00226912  0.00226874 3.28812e-06
   0.995097  0.00244996  0.00244955 3.76324e-06
   0.998595 0.000702396  0.00070233 3.86419e-07
   0.997921  0.00103912    0.001039 8.00835e-07
8.45618e-13         0.5         0.5 3.09544e-13
   0.997889  0.00105534  0.00105522 8.24056e-07
  0.0011337    0.499172    0.499172 0.000522551
8.46429e-05    0.499924    0.499924  6.6577e-05
   0.986497  0.00674132  0.00674093 2.04278e-05
   0.987414  0.00628405  0.00628358 1.82849e-05
   0.998391 0.000804304 0.000804223  4.9784e-07
   0.999806 9.67603e-05 9.67569e-05 8.56341e-09
     0.9965  0.00174887  0.00174862 2.06787e-06
   0.985338  0.00731948  0.00731921 2.32243e-05
 7.9188e-08 0.000301272 0.000301256    0.999397
  0.986932 0.00652458 0.00652415 1.9404e-05
   0.989149  0.00541865  0.00541802 1.44196e-05
   0.999542 0.000228744 0.000228731 4.55844e-08
   0.985395  0.00729124  0.00729097 2.30856e-05
   0.983013  0.00847912  0.00847914 2.90849e-05
   0.999537 0.000231678 0.000231665 4.67196e-08
          1 8.30021e-08 8.30022e-08 6.87171e-15
   0.993938  0.00302841  0.00302785 5.44188e-06
0.00569745   0.496492   0.496492 0.00131831
   0.999299 0.000350511 0.000350487 1.03518e-07
   0.997868  0.00106554  0.00106542 8.38802e-07
   0.989701  0.00514317   0.0051425 1.32476e-05
   0.986058  0.00696048  0.00696014 2.14769e-05
4.67911e-11    0.500001    0.499999 2.29004e-12
3.32413e-08 0.000192806 0.000192798    0.999614
   0.997983  0.00100814  0.00100803 7.57293e-07
   0.999918 4.11252e-05 4.11243e-05 1.59603e-09
    0.98708   0.0064505  0.00645006 1.90574e-05
   0.999987 6.50235e-06  6.5023e-06 4.13213e-11
   0.997217  0.00139113  0.00139095 1.36712e-06
   0.998788 0.000605924 0.000605871 2.92731e-07
   0.999995 2.53655e-06 2.53654e-06 6.34264e-12
   0.980351  0.00980619  0.00980659 3.61238e-05
   0.998213 0.000893033 0.000892939 6.04915e-07
   0.981076  0.00944452  0.00944481 3.41754e-05
   0.999146 0.000426954 0.000426922 1.50837e-07
   0.999208 0.000396105 0.000396077 1.30754e-07
   0.995269  0.00236398  0.00236359 3.53424e-06
   0.980331  0.00981641  0.00981681 3.61792e-05
   0.991216  0.00438745  0.00438668 1.01981e-05
   0.989535  0.00522614  0.00522548 1.35974e-05
   0.996839  0.00157965  0.00157943 1.72145e-06
   0.986084   0.0069476  0.00694726 2.14149e-05
2.13245e-10    0.500002    0.499998 3.97026e-12
   0.999517 0.000241711 0.000241698 5.07004e-08
    0.98999  0.00499907  0.00499838 1.26469e-05
   0.999677 0.000161368 0.000161361 2.31983e-08
   0.991051  0.00446978  0.00446902 1.05178e-05
   0.996988  0.00150529  0.00150509 1.57763e-06
 0.00181491    0.498738    0.498738 0.000708191
   0.995883  0.00205715  0.00205683 2.76382e-06
4.33035e-05     0.49996     0.49996  3.6376e-05
   0.999541 0.000229451 0.000229438 4.58566e-08
  0.995818 0.00208955 0.00208922 2.8416e-06
   0.998816 0.000592026 0.000591975 2.80205e-07
2.98971e-10    0.500002    0.499998 4.36785e-12
   0.999975 1.24799e-05 1.24798e-05 1.50869e-10
   0.981922  0.00902272  0.00902289 3.19304e-05
   0.999686 0.000157052 0.000157045 2.20086e-08
   0.989941  0.00502326  0.00502257 1.27471e-05
6.51543e-13         0.5         0.5 2.22263e-13
   0.991022  0.00448421  0.00448346 1.05741e-05
   0.997981  0.00100902  0.00100891 7.58517e-07
   0.995055  0.00247087  0.00247045 3.81976e-06
    0.99831 0.000844537  0.00084445 5.45251e-07
 0.00218153    0.498513    0.498513 0.000791722
2.95727e-10    0.500002    0.499998 6.03479e-12
5.8969e-06  0.0028833 0.00288296   0.994228
   0.999877 6.13386e-05 6.13368e-05 3.50491e-09
   0.999666 0.000167055 0.000167048 2.48116e-08
   0.997334  0.00133268  0.00133251 1.26428e-06
1.00963e-14         0.5         0.5 1.50651e-15
   0.992895  0.00354941   0.0035487 7.14145e-06
   0.993122  0.00343572  0.00343504 6.75652e-06
   0.991125   0.0044328  0.00443204 1.03738e-05
   0.993498  0.00324828  0.00324765 6.13872e-06
   0.996643   0.0016779  0.00167766 1.91941e-06
   0.995357  0.00231996  0.00231958 3.41916e-06
2.15926e-11         0.5         0.5 1.59792e-12
   0.999264 0.000367709 0.000367683 1.13445e-07
0.00874774   0.494831   0.494831 0.00158998
   0.999292 0.000353767 0.000353743 1.05365e-07
   0.999668 0.000165823 0.000165815 2.44577e-08
   0.993332  0.00333101  0.00333036 6.40877e-06
3.58799e-11         0.5         0.5 2.04427e-12
   0.996835  0.00158164  0.00158142 1.72538e-06
    0.98465  0.00766265  0.00766247 2.49259e-05
   0.988657  0.00566415  0.00566356 1.54888e-05
   0.994707  0.00264475  0.00264428 4.30227e-06
   0.990605  0.00469231  0.00469158 1.13976e-05
    0.99067  0.00465996  0.00465923 1.12683e-05
    0.98274  0.00861531  0.00861536 2.97924e-05
   0.984975  0.00750059  0.00750037 2.41187e-05
   0.995947  0.00202547  0.00202516 2.68859e-06
   0.996379  0.00180958  0.00180931 2.19843e-06
0.00466803   0.497067   0.497067 0.00119804
1.58727e-11         0.5         0.5 1.40941e-12
   0.992725  0.00363421  0.00363348 7.43344e-06
   0.999021 0.000489657 0.000489619 1.95691e-07
   0.981773  0.00909721   0.0090974 3.23246e-05
   0.999903 4.85372e-05  4.8536e-05   2.212e-09
  0.994378 0.00280875 0.00280824 4.7771e-06
   0.998087 0.000956142 0.000956038 6.86606e-07
   0.983921  0.00802609  0.00802599 2.67589e-05
   0.989166  0.00541036  0.00540973 1.43839e-05
 0.0100168   0.494153   0.494152 0.00167812
   0.989266  0.00536008  0.00535945 1.41679e-05
0.000513828    0.499595    0.499595   0.0002964
1.23615e-13         0.5         0.5 9.58318e-14
1.64819e-05    0.499984    0.499984 1.47778e-05
3.85095e-12         0.5         0.5  6.9913e-13
   0.985988  0.00699534  0.00699501 2.16451e-05
   0.986179  0.00690006  0.00689971 2.11863e-05
2.97909e-11         0.5         0.5 7.21993e-12
   0.999889  5.5284e-05 5.52825e-05 2.85745e-09
0.00427469   0.497289   0.497289 0.00114649
0.000185669    0.499842    0.499842 0.000131245
   0.995032  0.00248241  0.00248198 3.85109e-06
  0.988836 0.00557457 0.00557396 1.5096e-05
   0.996177  0.00191022  0.00190993 2.42196e-06
0.00502576   0.496866   0.496866 0.00124205
   0.990437  0.00477606  0.00477534 1.17346e-05
 8.0391e-12         0.5         0.5 1.01329e-12
    0.99844 0.000779929 0.000779851  4.7005e-07
   0.999137 0.000431518 0.000431486 1.53921e-07
1.42101e-08 0.000124802 0.000124798     0.99975
   0.993934  0.00303071  0.00303015 5.44901e-06
    0.99704  0.00147926  0.00147907 1.52853e-06
   0.999541 0.000229299 0.000229287 4.57982e-08
 2.7749e-12         0.5         0.5 5.90049e-13
    0.99888 0.000559891 0.000559843 2.52196e-07
   0.996948  0.00152531   0.0015251 1.61583e-06
   0.998605 0.000697161 0.000697096 3.81037e-07
1.76715e-12         0.5         0.5 4.23055e-13
   0.998782 0.000608673 0.000608619 2.95237e-07
   0.997277   0.0013611  0.00136093 1.31386e-06
0.00859445   0.494914   0.494913 0.00157853
   0.998636  0.00068208 0.000682017 3.65722e-07
    0.99203  0.00398111   0.0039803 8.66966e-06
2.81142e-09         0.5         0.5 7.37709e-12
0.00438958   0.497224   0.497224 0.00116192
    0.99089  0.00454988  0.00454914 1.08318e-05
   0.990191  0.00489874  0.00489804 1.22337e-05
   0.998008  0.00099583 0.000995719 7.40284e-07
   0.992595  0.00369926   0.0036985 7.66018e-06
   0.998392 0.000803648 0.000803568 4.97083e-07
   0.992481  0.00375572  0.00375495 7.85893e-06
    0.99406  0.00296779  0.00296724 5.25521e-06
    0.99955 0.000224973 0.000224961 4.41449e-08
   0.995722  0.00213787  0.00213753 2.95922e-06
   0.999987 6.36879e-06 6.36874e-06 3.96506e-11
   0.978575   0.0106918   0.0106925 4.09761e-05
   0.990132  0.00492826  0.00492756 1.23548e-05
   0.999407 0.000296479 0.000296461 7.51059e-08
   0.996057  0.00197061  0.00197031 2.56028e-06
8.52017e-11    0.500001    0.499999 2.90867e-12
5.78417e-13         0.5         0.5 2.04286e-13
 0.0269859   0.485353   0.485353 0.00230841
    0.99941 0.000295075 0.000295056 7.44243e-08
   0.980213   0.0098751  0.00987552 3.64974e-05
   0.998758 0.000620836 0.000620781 3.06446e-07
0.000450102    0.499641    0.499641 0.000267923
0.00117958   0.499142   0.499142 0.00053666
   0.986764  0.00660829  0.00660788 1.97978e-05
   0.998811 0.000594383 0.000594332 2.82312e-07
   0.999168 0.000416076 0.000416046 1.43605e-07
   0.990484  0.00475276  0.00475204 1.16405e-05
0.000211498    0.499821    0.499821 0.000146324
1.59952e-12         0.5         0.5 4.40438e-13
   0.995594  0.00220186   0.0022015 3.11787e-06
6.48365e-11    0.500001    0.499999 2.61656e-12
   0.994226  0.00288471  0.00288419 5.00335e-06
2.35106e-12         0.5         0.5 5.40911e-13
   0.994828  0.00258424  0.00258379 4.13187e-06
   0.993539  0.00322767  0.00322705 6.07213e-06
   0.998104 0.000947488 0.000947385 6.75135e-07
 7.1286e-10    0.499996    0.500004 9.58953e-12
3.20146e-13         0.5         0.5 1.74478e-13
8.74514e-13         0.5         0.5 2.71713e-13
   0.997698  0.00115083  0.00115069 9.66508e-07
4.22556e-14         0.5         0.5 1.69755e-14
   0.995391  0.00230317  0.00230279 3.37567e-06
   0.978729    0.010615   0.0106157 4.05512e-05
   0.999466  0.00026687 0.000266854 6.13539e-08
5.94033e-13         0.5         0.5 2.52609e-13
   0.999364 0.000317754 0.000317734 8.57865e-08
   0.995728  0.00213449  0.00213415 2.95093e-06
   0.999706  0.00014707 0.000147064 1.93718e-08
1.29147e-13         0.5         0.5 9.85631e-14
2.72908e-06   0.0019137   0.0019135     0.99617
   0.999807 9.62769e-05 9.62735e-05 8.47997e-09
   0.999406 0.000297154 0.000297136 7.54346e-08
0.000393629    0.499682    0.499682 0.000241484
   0.990853  0.00456849  0.00456774 1.09052e-05
   0.999762  0.00011884 0.000118836 1.27921e-08
   0.995507  0.00224492  0.00224456 3.22647e-06
1.87296e-11         0.5         0.5 1.52357e-12
   0.981552  0.00920756  0.00920778 3.29104e-05
0.00550864   0.496597   0.496597 0.00129765
   0.994143  0.00292613  0.00292559 5.12833e-06
   0.995949  0.00202411   0.0020238 2.68538e-06
   0.999728 0.000136167 0.000136161 1.66761e-08
   0.991635  0.00417835  0.00417756 9.40121e-06
  0.989822 0.00508308  0.0050824 1.2996e-05
   0.992304  0.00384441  0.00384362 8.17467e-06
   0.987318  0.00633205  0.00633158 1.85067e-05
   0.999869 6.53244e-05 6.53225e-05 3.96615e-09
   0.979998  0.00998246   0.0099829 3.70807e-05
1.21617e-11         0.5         0.5 1.20758e-12
   0.982413  0.00877823  0.00877833 3.06436e-05
   0.985536  0.00722055  0.00722026 2.27393e-05
   0.995377  0.00231023  0.00230985 3.39392e-06
0.000347634    0.499717    0.499717 0.000219006
   0.997286   0.0013564  0.00135623 1.30561e-06
   0.999245 0.000377453 0.000377427 1.19256e-07
   0.996216  0.00189085  0.00189057 2.37827e-06
3.34304e-12         0.5         0.5 6.10765e-13
   0.994047  0.00297414  0.00297359 5.27464e-06
   0.997652  0.00117335   0.0011732 1.00152e-06
    0.98292  0.00852519  0.00852522 2.93238e-05
 7.7121e-14         0.5         0.5 7.06994e-14
   0.982285  0.00884174  0.00884185 3.09768e-05
   0.995171  0.00241305  0.00241265 3.66425e-06
   0.991619  0.00418599   0.0041852 9.42992e-06
1.86866e-09 4.44706e-05 4.44696e-05    0.999911
   0.997379  0.00130973  0.00130956 1.22484e-06
   0.999343  0.00032847 0.000328448 9.14161e-08
   0.991872  0.00406015  0.00405934 8.96039e-06
0.0019355  0.498664  0.498664 0.0007367
 1.6219e-09    0.499994    0.500006 1.05166e-11
3.78672e-12         0.5         0.5 6.93118e-13
   0.997643  0.00117796  0.00117781 1.00875e-06
    0.99394  0.00302776  0.00302719 5.43984e-06
 5.5863e-10    0.500003    0.499997 5.28276e-12
   0.985997  0.00699062  0.00699029 2.16223e-05
4.83191e-13         0.5         0.5 2.23678e-13
    0.99251  0.00374156  0.00374079 7.80891e-06
6.09836e-06    0.499994    0.499994 5.70316e-06
   0.995097  0.00244975  0.00244933 3.76266e-06
   0.999247   0.0003764 0.000376373 1.18621e-07
   0.994986  0.00250518  0.00250475 3.91322e-06
   0.997878  0.00106053  0.00106041 8.31539e-07
   0.999313 0.000343438 0.000343415 9.95584e-08
3.24103e-10    0.500002    0.499998 4.45199e-12
   0.994507  0.00274445  0.00274396 4.58871e-06
   0.990257  0.00486564  0.00486493 1.20984e-05
   0.982911  0.00852995  0.00852998 2.93485e-05
5.20916e-11    0.500001    0.499999 2.39458e-12
 1.4823e-17         0.5         0.5 1.47343e-17
   0.987214  0.00638379  0.00638333 1.87467e-05
 0.0128172   0.492672   0.492672 0.00183935
2.71764e-10    0.500002    0.499998 4.25647e-12
 2.0221e-10    0.500002    0.499998 3.89474e-12
   0.996698  0.00164999  0.00164976 1.86228e-06
   0.999801  9.9614e-05 9.96104e-05 9.06401e-09
   0.985974  0.00700241  0.00700208 2.16792e-05
   0.989444  0.00527138  0.00527073 1.37893e-05
    0.99942 0.000290153 0.000290136 7.20587e-08
   0.994689  0.00265354  0.00265308 4.32725e-06
  0.990574 0.00470763  0.0047069 1.1459e-05
     0.9889  0.00554307  0.00554246 1.49586e-05
   0.989847  0.00507027  0.00506959 1.29426e-05
   0.984517  0.00772871  0.00772855 2.52568e-05
0.000500029    0.499605    0.499605 0.000290347
1.07987e-11         0.5         0.5 1.13743e-12
   0.994243  0.00287641  0.00287589 4.97844e-06
   0.999907 4.63222e-05  4.6321e-05 2.01766e-09
   0.999017 0.000491579  0.00049154  1.9715e-07
   0.999176 0.000411769 0.000411739 1.40786e-07
   0.998292 0.000853547 0.000853459 5.56128e-07
   0.999461 0.000269675 0.000269659 6.26008e-08
   0.983915  0.00802928  0.00802918 2.67751e-05
1.80188e-11         0.5         0.5 1.46538e-12
   0.991469  0.00426101  0.00426023 9.71366e-06
   0.987118  0.00643188  0.00643143 1.89706e-05
   0.997491  0.00125419  0.00125404 1.13159e-06
  0.989083 0.00545167 0.00545104 1.4562e-05
   0.999131 0.000434659 0.000434627 1.56059e-07
   0.999038 0.000480976 0.000480938 1.89163e-07
0.00659217   0.495999   0.495999 0.00140906
   0.988968  0.00550881   0.0055082 1.48096e-05
   0.999781 0.000109384 0.000109379 1.08813e-08
   0.995852   0.0020726  0.00207228 2.80081e-06
   0.991652  0.00416953  0.00416874 9.36808e-06
   0.995317  0.00234019   0.0023398 3.47186e-06
1.17889e-12         0.5         0.5  3.2982e-13
 0.00188044    0.498698    0.498698 0.000723816
   0.996788  0.00160538  0.00160516 1.77244e-06
 0.00271224    0.498195    0.498195 0.000898369
   0.999742    0.000129 0.000128995 1.50098e-08
   0.999802 9.89844e-05 9.89808e-05 8.95238e-09
   0.999992 4.02116e-06 4.02114e-06 1.58808e-11
2.14447e-10 1.48917e-05 1.48915e-05     0.99997
   0.995806  0.00209597  0.00209564 2.85713e-06
0.00486104   0.496958   0.496958  0.0012221
   0.985716   0.0071312   0.0071309 2.23035e-05
1.33391e-13         0.5         0.5 1.00628e-13
0.000501568    0.499604    0.499604 0.000291025
   0.996346   0.0018259  0.00182563 2.23408e-06
   0.980443  0.00976038  0.00976076 3.58759e-05
   0.992049  0.00397158  0.00397077 8.63483e-06
   0.998447 0.000776201 0.000776124 4.65863e-07
   0.999188 0.000406075 0.000406045 1.37099e-07
   0.999995 2.69599e-06 2.69598e-06 7.16189e-12
0.000131229    0.499886    0.499886 9.76882e-05
          1 7.86397e-08 7.86397e-08 6.16879e-15
0.000706422    0.499459    0.499459 0.000375266
  0.989698  0.0051447 0.00514403 1.3254e-05
0.037548  0.47998 0.479979 0.002493
   0.999943 2.86761e-05 2.86756e-05 7.83504e-10
   0.997511  0.00124378  0.00124363 1.11446e-06
   0.999209 0.000395411 0.000395382 1.30317e-07
 0.00131224    0.499056    0.499056 0.000575953
   0.983657  0.00815758  0.00815751 2.74295e-05
   0.987425  0.00627881  0.00627833 1.82607e-05
3.29163e-10    0.500002    0.499998 4.47903e-12
0.000695081    0.499467    0.499467 0.000370882
   0.993311  0.00334164  0.00334099 6.44376e-06
   0.979923   0.0100198   0.0100202 3.72839e-05
1.48215e-17         0.5         0.5 1.47373e-17
  0.979262  0.0103492  0.0103497 3.9086e-05
    0.99807 0.000964474 0.000964368 6.97728e-07
2.60752e-11         0.5         0.5 1.77408e-12
1.67658e-11         0.5         0.5 1.44636e-12
   0.998915 0.000542182 0.000542137 2.37335e-07
   0.989602  0.00519275  0.00519209 1.34563e-05
   0.992166  0.00391316  0.00391234 8.42235e-06
1.11347e-10    0.500001    0.499999 3.19143e-12
   0.999603 0.000198472 0.000198462 3.46477e-08
  0.980155 0.00990376 0.00990419 3.6653e-05
8.52861e-12         0.5         0.5 1.04333e-12
   0.989255   0.0053655  0.00536486 1.41911e-05
   0.999994 2.89879e-06 2.89878e-06 8.27539e-12
    0.99933 0.000335122   0.0003351 9.49947e-08
  0.994714 0.00264106  0.0026406 4.2918e-06
4.07403e-13         0.5         0.5  1.5757e-13
7.20388e-12         0.5         0.5 9.23679e-13
3.57297e-12         0.5         0.5 6.33737e-13
   0.998168 0.000915683 0.000915585 6.33711e-07
  0.991813  0.0040895  0.0040887 9.0692e-06
6.27868e-07 0.000882727 0.000882657    0.998234
    0.98364  0.00816626   0.0081662 2.74739e-05
 3.7995e-12         0.5         0.5 6.94318e-13
   0.992753  0.00362023   0.0036195 7.38502e-06
2.11569e-11         0.5         0.5 1.61235e-12
   0.997396  0.00130128  0.00130112 1.21045e-06
2.47182e-13         0.5         0.5 1.05344e-13
   0.985782  0.00709784  0.00709752 2.21414e-05
3.17815e-12         0.5         0.5 6.33204e-13
5.92745e-10    0.500003    0.499997 5.11606e-12
   0.997099  0.00145003  0.00144984 1.47415e-06
   0.980291  0.00983617  0.00983657 3.62863e-05
   0.993213  0.00339039  0.00338972 6.60515e-06
   0.999484 0.000258102 0.000258088 5.75329e-08
   0.998588 0.000705607  0.00070554 3.89736e-07
6.72942e-16         0.5         0.5  6.4662e-16
  0.996624  0.0016874 0.00168715  1.939e-06
   0.999798  0.00010109 0.000101086 9.32833e-09
   0.994865  0.00256572  0.00256528 4.08025e-06
   0.996215  0.00189168  0.00189139 2.38013e-06
    0.99784  0.00107973   0.0010796 8.59499e-07
6.78633e-12         0.5         0.5 8.95248e-13
   0.988936  0.00552467  0.00552406 1.48785e-05
   0.987938  0.00602251  0.00602199 1.70891e-05
5.82713e-14         0.5         0.5 2.50957e-14
   0.999789 0.000105541 0.000105537 1.01475e-08
 1.6915e-15         0.5         0.5 8.83215e-15
   0.999699 0.000150506 0.000150499 2.02612e-08
   0.991883  0.00405442  0.00405362 8.93923e-06
   0.998645 0.000677208 0.000677145 3.60834e-07
 3.5376e-11 6.01222e-06 6.01217e-06    0.999988
   0.995861   0.0020685  0.00206818 2.79098e-06
 0.0213798   0.488226   0.488226 0.00216739
   0.979357   0.0103019   0.0103024 3.88264e-05
  0.995747  0.0021254 0.00212506 2.9287e-06
3.94914e-09 6.50088e-05  6.5007e-05     0.99987
   0.999207 0.000396548 0.000396519 1.31032e-07
   0.999408 0.000296029 0.000296011 7.48874e-08
   0.993369  0.00331249  0.00331185 6.34796e-06
   0.991732  0.00413003  0.00412924 9.22015e-06
    0.99996 1.99958e-05 1.99954e-05 3.84022e-10
   0.990813  0.00458855   0.0045878 1.09845e-05
   0.997197   0.0014007  0.00140051 1.38427e-06
4.54798e-08  0.00022647  0.00022646    0.999547
5.30548e-05    0.499952    0.499952 4.37789e-05
   0.993043  0.00347557  0.00347488 6.89057e-06
   0.999855 7.25774e-05 7.25752e-05 4.87627e-09
   0.997422   0.0012885  0.00128833 1.18881e-06
2.66317e-10         0.5         0.5 2.66217e-10
    0.99768  0.00115955  0.00115941 9.79996e-07
   0.987776  0.00610334  0.00610282 1.74562e-05
   0.998127 0.000936188 0.000936087 6.60286e-07
0.000595644    0.499537    0.499537 0.000331114
   0.992152  0.00391999  0.00391918 8.44711e-06
   0.982746  0.00861195    0.008612 2.97749e-05
   0.999104 0.000448106 0.000448072 1.65368e-07
   0.997633  0.00118331  0.00118317 1.01718e-06
   0.988634  0.00567539  0.00567481 1.55383e-05
  0.992771 0.00361106 0.00361033 7.3533e-06
  0.997328 0.00133564 0.00133547 1.2694e-06
4.34532e-12         0.5         0.5 7.05553e-13
1.04424e-16         0.5         0.5 1.02808e-16
   0.986947  0.00651697  0.00651654 1.93683e-05
   0.984123  0.00792537  0.00792525 2.62479e-05
   0.997117  0.00144097  0.00144077 1.45746e-06
   0.999893 5.37435e-05 5.37421e-05   2.703e-09
4.86482e-13         0.5         0.5 1.80093e-13
    0.99926 0.000369859 0.000369833 1.14715e-07
0.00543425   0.496638   0.496638 0.00128935
   0.995529  0.00223407   0.0022337 3.19895e-06
 0.00173062    0.498791    0.498791 0.000687597
   0.999982 9.18243e-06 9.18234e-06 8.20471e-11
3.10541e-13         0.5         0.5 1.27247e-13
   0.988679  0.00565318  0.00565259 1.54406e-05
   0.991731  0.00413025  0.00412945 9.22096e-06
 0.00135659    0.499027    0.499027 0.000588628
   0.994201  0.00289739  0.00289686 5.04147e-06
   0.998728  0.00063603 0.000635973 3.20711e-07
   0.984477  0.00774884  0.00774868 2.53578e-05
   0.993497  0.00324893  0.00324831 6.14085e-06
    0.99988 6.01377e-05  6.0136e-05 3.37138e-09
   0.996305  0.00184637  0.00184609 2.27912e-06
   0.990784  0.00460268  0.00460194 1.10405e-05
9.69187e-05    0.499914    0.499914 7.50314e-05
   0.996714  0.00164205  0.00164182 1.84616e-06
   0.990342  0.00482341   0.0048227 1.19264e-05
   0.993007  0.00349352  0.00349282 6.95125e-06
9.15873e-13         0.5         0.5 2.80159e-13
1.69854e-10    0.500001    0.499999 3.68686e-12
 0.00138495    0.499009    0.499009 0.000596616
1.79537e-13         0.5         0.5 7.96174e-14
    0.99941  0.00029485 0.000294832 7.43157e-08
   0.998586 0.000706939 0.000706872 3.91117e-07
