   0.985178  0.00491849  0.00491887  0.00491757 2.28396e-05 2.23438e-05 2.21731e-05 9.68657e-08
  0.512372   0.115573   0.115559   0.115711  0.0446052  0.0446199  0.0446108 0.00694902
   0.811938   0.0596208   0.0596182   0.0596303  0.00301626  0.00301659  0.00301656 0.000142932
   0.993183  0.00226723  0.00226789  0.00226689 4.91273e-06 4.94423e-06 4.94484e-06 1.00826e-08
 0.350671  0.177815  0.178263  0.177563 0.0364396 0.0364337  0.036376 0.0064388
   0.970488  0.00975247  0.00975347  0.00975048  8.4486e-05 8.58253e-05 8.45669e-05 7.10318e-07
  0.520691    0.13977    0.13982   0.139748  0.0192186  0.0191937  0.0191965 0.00236241
   0.797291   0.0640224   0.0640233   0.0640164  0.00348851  0.00348916  0.00349103 0.000177746
 0.350671  0.177815  0.178263  0.177563 0.0364396 0.0364337  0.036376 0.0064388
 0.350671  0.177815  0.178263  0.177563 0.0364396 0.0364337  0.036376 0.0064388
2.17139e-05   0.0156022  0.00814904 0.000792582 0.000387093    0.610341    0.364269 0.000437418
 0.350671  0.177815  0.178263  0.177563 0.0364396 0.0364337  0.036376 0.0064388
 0.350671  0.177815  0.178263  0.177563 0.0364396 0.0364337  0.036376 0.0064388
   0.912799   0.0283781     0.02838   0.0283706 0.000685596 0.000684798 0.000685762 1.57595e-05
   0.879611   0.0388422   0.0388417   0.0388384    0.001276  0.00127621  0.00127472 3.96245e-05
 0.350671  0.177815  0.178263  0.177563 0.0364396 0.0364337  0.036376 0.0064388
 0.350671  0.177815  0.178263  0.177563 0.0364396 0.0364337  0.036376 0.0064388
  0.859353  0.0451385  0.0451411  0.0451443 0.00172117 0.00172044 0.00171958 6.1928e-05
   0.796606   0.0642283   0.0642276   0.0642209  0.00351144  0.00351175   0.0035141 0.000179482
   0.171621    0.375032    0.262444    0.106413  0.00364624   0.0782974 0.000209695  0.00233688
 0.0810759  0.0975118    0.28799   0.176312  0.0211715  0.0630653   0.264055 0.00881941
  0.563105   0.129141   0.129174   0.129145  0.0159011    0.01588  0.0158896 0.00176385
0.000686503    0.453673    0.457673   0.0820368 1.19821e-07   0.0050982 0.000829863 2.58988e-06
   0.990112  0.00328531  0.00328634  0.00328493  1.0174e-05 1.08652e-05 1.01264e-05 3.06848e-08
 0.00271253    0.504032    0.229812    0.260318  0.00113784  0.00119774 0.000788192 1.87207e-06
1.98733e-07   0.0814547    0.260325    0.632995   0.0163772  0.00673499  0.00210868 3.83307e-06
 0.00444826    0.896769   0.0862416  0.00255214   0.0031766  0.00595649 0.000835338 2.05357e-05
   0.989142   0.0036066  0.00360792  0.00360605 1.22472e-05  1.2875e-05 1.22186e-05 3.99098e-08
 0.350671  0.177815  0.178263  0.177563 0.0364396 0.0364337  0.036376 0.0064388
   0.928674   0.0233083   0.0233059   0.0233075 0.000464852 0.000465494 0.000464972 8.87007e-06
5.69785e-07    0.640624   0.0983211     0.23707  0.00582144  0.00241819   0.0157447 2.27899e-07
1.12846e-07   0.0069327    0.436347    0.553234  0.00193579  0.00152633 2.42397e-05 7.71845e-08
  0.0109205    0.187019   0.0147917    0.753842  0.00873375  0.00641163   0.0181541 0.000127123
1.55805e-07    0.188204    0.664863    0.145629 0.000190102  0.00086798 0.000245772 1.87117e-09
   0.975205   0.0082043  0.00820549   0.0082032 6.02223e-05 6.08127e-05 6.02916e-05 4.29009e-07
 0.350671  0.177815  0.178263  0.177563 0.0364396 0.0364337  0.036376 0.0064388
7.05695e-07   0.0225194    0.589141    0.381351  0.00268351  0.00414462 0.000158611 8.52756e-07
 0.350671  0.177815  0.178263  0.177563 0.0364396 0.0364337  0.036376 0.0064388
  0.459105   0.154461    0.15469   0.154274  0.0246807  0.0246542  0.0246457 0.00348944
 0.350671  0.177815  0.178263  0.177563 0.0364396 0.0364337  0.036376 0.0064388
0.000167211     0.51436   0.0995144    0.383206 0.000423489 2.50993e-05   0.0023037 3.51718e-07
   0.999802 6.60046e-05 6.60113e-05 6.60069e-05 4.29912e-09 4.95123e-09 4.31703e-09 2.87389e-13
    0.98729  0.00422007  0.00422038  0.00421905  1.6705e-05 1.69273e-05  1.6499e-05 6.18064e-08
0.000153384  0.00994757   0.0100279   0.0099243     0.32149    0.315054    0.320143   0.0132603
   0.940436   0.0195238   0.0195251   0.0195239 0.000328229 0.000328945 0.000328398 5.30514e-06
   0.795736   0.0644887    0.064487   0.0644814  0.00354038  0.00354091  0.00354353 0.000181721
   0.665296    0.101996    0.102027    0.101964  0.00931073  0.00931363  0.00931225 0.000779801
 0.350671  0.177815  0.178263  0.177563 0.0364396 0.0364337  0.036376 0.0064388
   0.948042   0.0170668   0.0170656   0.0170641 0.000252141 0.000253532 0.000252242 3.59374e-06
    0.85679    0.045929   0.0459339   0.0459375  0.00178241  0.00178136  0.00178049 6.52248e-05
   0.818963   0.0574973   0.0574951   0.0575098  0.00280226  0.00280242  0.00280255 0.000128021
  0.0160965    0.121417    0.347624    0.499539  0.00366911   0.0046347  0.00697296 4.66764e-05
   0.872831   0.0409589   0.0409561   0.0409558  0.00141757  0.00141739  0.00141712 4.63598e-05
   0.867471   0.0426228   0.0426216   0.0426289  0.00153528  0.00153436  0.00153404 5.21819e-05
5.31046e-05     0.48188    0.258916    0.259081 2.56358e-05 2.56423e-05 1.83513e-05 9.21813e-10
    0.97764  0.00740341  0.00740488  0.00740253 4.94621e-05 5.01057e-05 4.95271e-05 3.18826e-07
7.84202e-06   0.0725658    0.616082    0.266141   0.0125989   0.0291677  0.00343407 2.02277e-06
 0.350671  0.177815  0.178263  0.177563 0.0364396 0.0364337  0.036376 0.0064388
   0.979861  0.00667246  0.00667301  0.00667154 4.09011e-05 4.08667e-05 4.02594e-05  2.3468e-07
7.40211e-08 2.71936e-05    0.496477    0.489833  0.00678512  0.00687572 1.15011e-06 6.39336e-07
6.37763e-06   0.0916422    0.624857    0.238269   0.0112849   0.0295988  0.00433931 1.77198e-06
1.93917e-09    0.374588   0.0249615    0.592939  0.00448766 0.000188808  0.00283517 5.66678e-08
0.00012132  0.0103268  0.0132552 0.00100602   0.932714  0.0326706 0.00567271 0.00423292
0.0128245  0.112798 0.0723538 0.0758704  0.273031  0.296489  0.100831 0.0558033
2.70706e-10   0.0626647     0.30017    0.637126 2.50879e-05   1.182e-05 2.46765e-06 3.08188e-11
6.94852e-08 0.000558376 6.62746e-05 5.24291e-05   0.0310665    0.693684    0.274463 0.000109455
   0.999543 0.000152404 0.000152407 0.000152399 2.51534e-08 2.43432e-08 2.34458e-08 5.02559e-12
   0.947309   0.0173046   0.0173027   0.0173015 0.000259102 0.000260587 0.000259216 3.74148e-06
 0.350671  0.177815  0.178263  0.177563 0.0364396 0.0364337  0.036376 0.0064388
0.000364126    0.338238    0.326237    0.334703 0.000152371 0.000154319 0.000151561 4.04061e-08
   0.995599  0.00146497  0.00146518  0.00146469 2.08852e-06 2.03944e-06 2.08038e-06 2.80508e-09
  0.0659354    0.429262    0.151126    0.307062   0.0146426   0.0195007   0.0120218 0.000448838
 0.620072 0.0797871  0.079756 0.0799729 0.0439836 0.0439953 0.0439831 0.0084502
   0.346976    0.532682   0.0148565  0.00109667   0.0444995   0.0550941 8.31235e-05  0.00471182
1.30864e-06   0.0126696 0.000184344   0.0192575    0.529928   0.0118763    0.426065 1.82653e-05
   0.839646    0.051203    0.051193   0.0512177  0.00221677  0.00221749  0.00221584 9.01886e-05
 0.350671  0.177815  0.178263  0.177563 0.0364396 0.0364337  0.036376 0.0064388
0.000873862  0.00143474    0.450776    0.473261   0.0410867   0.0325491 4.12103e-06 1.43688e-05
   0.955301   0.0147111   0.0147102   0.0147077 0.000188525 0.000190248 0.000188631 2.34288e-06
 0.350671  0.177815  0.178263  0.177563 0.0364396 0.0364337  0.036376 0.0064388
   0.999113 0.000295473 0.000295482 0.000295515 8.56925e-08 8.86411e-08 8.87523e-08 2.44326e-11
   0.999984 5.24982e-06 5.24985e-06 5.24984e-06 5.13537e-11 4.99667e-11 3.06115e-11 1.48481e-16
0.000136833    0.135045    0.430406    0.434233  4.8814e-05 4.90909e-05  8.0574e-05 6.31406e-09
  0.172275   0.246329   0.246329   0.246306  0.0289965  0.0289942  0.0289913 0.00177878
   0.990029  0.00331279  0.00331391  0.00331245   1.028e-05 1.11821e-05 1.03158e-05 3.21769e-08
 0.350671  0.177815  0.178263  0.177563 0.0364396 0.0364337  0.036376 0.0064388
   0.853222   0.0470336    0.047036   0.0470344  0.00186854  0.00186805   0.0018675 6.99959e-05
  0.578249   0.125254   0.125292   0.125251  0.0147984  0.0147889  0.0147866 0.00158026
2.19477e-08 0.000148128 0.000580285 0.000142106    0.163131    0.666051    0.169947 3.09794e-08
   0.998265 0.000577852 0.000577866 0.000577925 3.22028e-07 3.35558e-07 3.41004e-07 1.94571e-10
  0.614419   0.115762   0.115806   0.115771  0.0123574  0.0123431  0.0123425 0.00119829
1.68491e-08 6.90366e-05 0.000382739 0.000126699    0.218893    0.661282    0.119246 1.58436e-11
   0.958661   0.0136171   0.0136183   0.0136142 0.000162033 0.000163519 0.000162023 1.86864e-06
3.87056e-09    0.001341  0.00139952 7.37608e-08 8.07475e-05    0.495416    0.501762 2.11406e-07
 2.2724e-06    0.293754     0.59556   0.0530476  0.00323905   0.0364351   0.0179613 4.56535e-07
  0.606839  0.0840527  0.0840318  0.0842002  0.0441993  0.0442021   0.044199 0.00827611
  0.244189   0.238735   0.381763  0.0297948   0.052698  0.0210923  0.0287942 0.00293408
 0.0897485   0.510861   0.166121   0.175291  0.0222318  0.0226641  0.0123609 0.00072207
 0.350671  0.177815  0.178263  0.177563 0.0364396 0.0364337  0.036376 0.0064388
3.78293e-05    0.454071 0.000549067     0.47964   0.0337103 2.47795e-05   0.0319636 3.68211e-06
   0.939737   0.0197498   0.0197503   0.0197497 0.000335747  0.00033639 0.000335774 5.48403e-06
 0.536033   0.13599   0.13602  0.135943 0.0179751 0.0179584 0.0179495 0.0021309
 0.350671  0.177815  0.178263  0.177563 0.0364396 0.0364337  0.036376 0.0064388
  0.0493669    0.895819  0.00213795   0.0132691   0.0179286   0.0204362 0.000635546 0.000407037
   0.654603    0.104927    0.104959    0.104917  0.00991216  0.00991633  0.00990842 0.000857356
   0.882864   0.0378237   0.0378212   0.0378236  0.00121061  0.00121052   0.0012101 3.66247e-05
7.71846e-09    0.318956   0.0473891    0.612014   0.0135352  0.00104685  0.00705734 1.53423e-06
   0.998531 0.000489533 0.000489525 0.000489508 2.34157e-07  2.5056e-07 2.61393e-07 1.26383e-10
   0.690734   0.0949294   0.0949709   0.0948593  0.00796032  0.00796372  0.00796646 0.000615525
   0.987358  0.00419781  0.00419814  0.00419674  1.6517e-05 1.68525e-05 1.63233e-05 6.09885e-08
 0.350671  0.177815  0.178263  0.177563 0.0364396 0.0364337  0.036376 0.0064388
 0.350671  0.177815  0.178263  0.177563 0.0364396 0.0364337  0.036376 0.0064388
    0.79898   0.0635163   0.0635133   0.0635161  0.00343262  0.00343261  0.00343545 0.000173442
   0.900707    0.032212   0.0322122    0.032205 0.000880801 0.000880159 0.000880031 2.28447e-05
1.99927e-07    0.637266    0.286816   0.0690258 0.000478879  0.00199039   0.0044225 4.62048e-07
   0.991997  0.00266056  0.00266175   0.0026603 6.82529e-06 7.10052e-06 6.72858e-06 1.62903e-08
   0.991567  0.00280284  0.00280439  0.00280258 7.58789e-06 7.76622e-06 7.38388e-06  1.8679e-08
 0.350671  0.177815  0.178263  0.177563 0.0364396 0.0364337  0.036376 0.0064388
  0.0125838    0.286643    0.163188    0.515876 0.000216847 0.000631946     0.02076 9.98235e-05
   0.999493   0.0001691 0.000169099 0.000169092 2.95516e-08 2.87087e-08 2.88052e-08 5.66992e-12
   0.985491  0.00481503  0.00481546  0.00481421 2.19282e-05 2.13919e-05 2.12269e-05 9.14541e-08
 0.350671  0.177815  0.178263  0.177563 0.0364396 0.0364337  0.036376 0.0064388
 0.350671  0.177815  0.178263  0.177563 0.0364396 0.0364337  0.036376 0.0064388
 0.350671  0.177815  0.178263  0.177563 0.0364396 0.0364337  0.036376 0.0064388
0.000863051    0.015546   0.0154383   0.0377024   0.0318961    0.439922    0.435906   0.0227268
  0.350439   0.252117   0.142438   0.128381  0.0452197  0.0435362  0.0333792 0.00449101
   0.886172   0.0367869   0.0367848   0.0367867  0.00114504  0.00114564  0.00114507 3.37465e-05
  0.582099   0.124251    0.12429   0.124265  0.0145291  0.0145156  0.0145141 0.00153585
  0.885086  0.0371271  0.0371261  0.0371284 0.00116597 0.00116648 0.00116564 3.4669e-05
 0.350671  0.177815  0.178263  0.177563 0.0364396 0.0364337  0.036376 0.0064388
0.00104347   0.048905  0.0374668  0.0343832  0.0546708   0.708325   0.112371 0.00283468
1.29592e-07    0.610659    0.281346   0.0629985   0.0029646   0.0132599   0.0287718 5.16972e-07
 0.00044817    0.508972   0.0201172    0.461927  0.00612882 1.14553e-05  0.00239333 2.31287e-06
   0.935859   0.0209982   0.0209997   0.0210001 0.000378625 0.000378959 0.000378676 6.55766e-06
   0.912896   0.0283475   0.0283497   0.0283396 0.000684012 0.000683403 0.000684287 1.57099e-05
4.39767e-05   0.0876183    0.242656    0.621765    0.031293   0.0122021  0.00441618 5.48686e-06
   0.963017   0.0121967   0.0121985   0.0121935 0.000130768 0.000131367 0.000130632 1.35535e-06
  0.629144   0.111829   0.111874   0.111826  0.0114259  0.0114207  0.0114156 0.00106387
   0.909728   0.0293547   0.0293554   0.0293471 0.000732632 0.000732144 0.000732512 1.74029e-05
    0.81049   0.0600577   0.0600534   0.0600665  0.00306175  0.00306182  0.00306211 0.000146134
 0.00266677 0.000411404    0.532112    0.461499 0.000613035  0.00053399  0.00216206 2.43771e-06
   0.838458   0.0515682   0.0515586   0.0515781  0.00224858   0.0022488  0.00224779 9.21457e-05
  0.0481287    0.906788 0.000208816  0.00530324   0.0178248   0.0211656 0.000159706 0.000421517
 0.350671  0.177815  0.178263  0.177563 0.0364396 0.0364337  0.036376 0.0064388
   0.962875   0.0122432   0.0122451   0.0122401 0.000131764 0.000132214  0.00013157 1.37118e-06
    0.94813   0.0170383   0.0170371   0.0170356 0.000251343 0.000252801 0.000251466 3.57902e-06
   0.859429  0.00141559    0.098675  0.00907886  0.00416638   0.0208762 0.000306438  0.00605212
8.93586e-08    0.447859  0.00487438    0.546129 0.000622133 5.54461e-06 0.000510193 7.01399e-10
   0.950193   0.0163706    0.016368   0.0163659 0.000232462 0.000234024 0.000232888 3.18788e-06
  0.0123177   0.0878634    0.877781  0.00117901  0.00650516    0.001509   0.0127495 9.48706e-05
 0.350671  0.177815  0.178263  0.177563 0.0364396 0.0364337  0.036376 0.0064388
 0.350671  0.177815  0.178263  0.177563 0.0364396 0.0364337  0.036376 0.0064388
   0.984769  0.00505352  0.00505367  0.00505253 2.43338e-05 2.34082e-05   2.353e-05 1.04905e-07
   0.976717  0.00770712  0.00770896  0.00770621 5.32843e-05 5.38641e-05 5.33954e-05 3.58498e-07
 0.350671  0.177815  0.178263  0.177563 0.0364396 0.0364337  0.036376 0.0064388
  0.458281   0.154652   0.154891   0.154458   0.024755  0.0247332  0.0247231 0.00350678
   0.976486  0.00778325  0.00778492  0.00778226 5.42984e-05 5.49666e-05 5.43879e-05 3.69068e-07
 0.350671  0.177815  0.178263  0.177563 0.0364396 0.0364337  0.036376 0.0064388
 0.350671  0.177815  0.178263  0.177563 0.0364396 0.0364337  0.036376 0.0064388
   0.970287  0.00981844  0.00981973  0.00981623 8.56596e-05 8.70608e-05  8.5633e-05 7.23677e-07
 0.00188324    0.650294 0.000677487    0.332662  0.00962119 0.000762079   0.0040869 1.34766e-05
  0.0520948    0.346434    0.138554    0.405918  0.00120023 0.000547483   0.0545644 0.000686992
   0.995414  0.00152629  0.00152657  0.00152608 2.27746e-06 2.21954e-06 2.29447e-06 3.13646e-09
2.34517e-05    0.396173    0.009244    0.523508   0.0400325 0.000678307   0.0303363 4.96522e-06
 0.350671  0.177815  0.178263  0.177563 0.0364396 0.0364337  0.036376 0.0064388
    0.99785 0.000716022 0.000716109 0.000716054 4.94988e-07 5.41657e-07 5.01845e-07 3.80267e-10
1.12382e-05     0.59542    0.305754   0.0477893  0.00256683   0.0164423   0.0320161 2.36981e-07
   0.676872   0.0987916   0.0988349   0.0987484  0.00868333  0.00868181  0.00868586 0.000701642
6.02262e-08 9.83396e-05    0.492972    0.506611 0.000161368 0.000157046 4.68201e-08 1.09003e-10
2.22228e-08  0.00248641    0.533816    0.463457  0.00011163 0.000128594 6.15478e-07 9.55019e-11
   0.984958  0.00499109  0.00499135  0.00499015 2.37068e-05 2.28667e-05 2.29296e-05 1.01302e-07
    0.73303   0.0828895   0.0829189   0.0828681  0.00596181  0.00596265   0.0059714 0.000397843
 0.00679772    0.895066   0.0800152  0.00668341  0.00328991  0.00784138 0.000275044 3.13498e-05
  0.0214522   0.0731184    0.510527    0.375354  0.00539179  0.00434675  0.00973239 7.83553e-05
   0.962922   0.0122276   0.0122296   0.0122245 0.000131424 0.000131889  0.00013122 1.36638e-06
2.92201e-07  0.00416855     0.45085     0.54167  0.00180002  0.00149773 1.38324e-05 4.22523e-08
   0.979975  0.00663476  0.00663561  0.00663396 4.05449e-05 4.03577e-05 3.98197e-05 2.30979e-07
0.000839469     0.71343    0.240071   0.0322064    0.001692  0.00590702  0.00584747 6.24107e-06
1.12795e-05    0.552575   0.0132811    0.395187   0.0160073 0.000538858   0.0223981 9.31614e-07
   0.986382   0.0045205  0.00452075  0.00451956  1.9174e-05 1.90669e-05 1.87826e-05 7.53718e-08
6.98962e-05    0.547943   0.0423106     0.40513  0.00128831 4.81468e-05  0.00321009  3.2122e-07
 0.350671  0.177815  0.178263  0.177563 0.0364396 0.0364337  0.036376 0.0064388
   0.907134   0.0301778   0.0301788   0.0301696  0.00077408 0.000773036 0.000773605 1.88724e-05
  0.0281329     0.13202    0.384671    0.430937  0.00643564  0.00691362   0.0107717 0.000117985
    0.83483   0.0526744   0.0526734   0.0526832  0.00234676  0.00234803  0.00234639 9.82626e-05
  0.0408034    0.315232    0.524486  0.00567983 0.000585341   0.0725278   0.0404059 0.000279336
9.98297e-09   0.0517507    0.625609    0.317534  0.00163025  0.00321085 0.000265699 6.00778e-08
 0.350671  0.177815  0.178263  0.177563 0.0364396 0.0364337  0.036376 0.0064388
 0.350671  0.177815  0.178263  0.177563 0.0364396 0.0364337  0.036376 0.0064388
   0.726736    0.084701   0.0847243   0.0846806  0.00624039   0.0062429   0.0062485 0.000426115
3.58423e-07  0.00205247    0.465581    0.529419  0.00156517  0.00137602 6.05814e-06 1.16644e-07
   0.982224  0.00589361  0.00589399  0.00589263 3.24932e-05 3.16408e-05 3.16661e-05 1.64653e-07
 0.350671  0.177815  0.178263  0.177563 0.0364396 0.0364337  0.036376 0.0064388
 0.350671  0.177815  0.178263  0.177563 0.0364396 0.0364337  0.036376 0.0064388
   0.694704   0.0938139   0.0938433   0.0937572  0.00775998   0.0077632   0.0077664 0.000592245
  0.0106673    0.246935    0.357328    0.374375  0.00328838  0.00337357  0.00401143 2.19093e-05
2.88297e-08    0.662643    0.200115    0.134441 0.000377391  0.00056209  0.00186118 5.00122e-09
  0.476022   0.128204   0.128204   0.128364  0.0442578  0.0442754  0.0442637 0.00640928
4.71661e-07 8.43772e-06    0.493176    0.489554  0.00859805  0.00865983 1.02877e-06  2.0904e-06
 0.00105805    0.328438    0.338203    0.331021 0.000427713 0.000423138 0.000429399 3.10691e-07
    0.85882   0.0453036   0.0453069   0.0453083  0.00173379  0.00173297  0.00173218 6.26093e-05
   0.800343   0.0631086     0.06311   0.0631037  0.00338718  0.00338763  0.00338987 0.000170083
  0.462786    0.13288   0.132882   0.133028  0.0440637  0.0440797    0.04407 0.00621003
    0.97949   0.0067949  0.00679524  0.00679384 4.23652e-05 4.22375e-05 4.16198e-05 2.48251e-07
3.50854e-10 4.89464e-07 4.87623e-07 4.88241e-07 0.000696848 0.000696533 0.000696364    0.997909
  0.0639415    0.299141     0.46859    0.108812  0.00195512  0.00111674   0.0556029 0.000840764
   0.996184  0.00127032  0.00127048  0.00127023 1.53439e-06 1.63896e-06 1.59378e-06 1.94003e-09
   0.985206  0.00490916  0.00490948  0.00490823 2.27832e-05 2.22602e-05 2.20747e-05 9.64583e-08
 0.350671  0.177815  0.178263  0.177563 0.0364396 0.0364337  0.036376 0.0064388
  0.0261069    0.569828    0.175985    0.205227  0.00870275  0.00920387  0.00484126 0.000105333
 0.350671  0.177815  0.178263  0.177563 0.0364396 0.0364337  0.036376 0.0064388
   0.968043   0.0105532   0.0105552   0.0105505 9.87169e-05 9.97424e-05 9.84542e-05 8.90058e-07
 2.4241e-07    0.118119    0.615477    0.194903   0.0149994   0.0474131  0.00908712 1.16932e-06
6.71532e-06   0.0372406    0.588785     0.33017   0.0151238   0.0269646  0.00170562 3.01931e-06
 0.350671  0.177815  0.178263  0.177563 0.0364396 0.0364337  0.036376 0.0064388
5.69008e-05    0.810905   0.0937543   0.0952044 3.51469e-05 3.52835e-05  9.1224e-06 1.45667e-09
2.06912e-05    0.631018    0.177441     0.13924  0.00767385  0.00978761   0.0348179 1.02211e-06
1.32528e-07  6.4291e-05 0.000797494   0.0013148    0.602712    0.365583   0.0295286 2.25777e-09
 0.350671  0.177815  0.178263  0.177563 0.0364396 0.0364337  0.036376 0.0064388
 0.0337182   0.224277    0.12924 0.00435536   0.541864    0.01824 0.00996075  0.0383439
  0.495356   0.121458   0.121462   0.121574   0.044476  0.0444936  0.0444817 0.00669819
 1.0245e-08   0.0417006    0.611866    0.334126  0.00416389  0.00762211 0.000520223 7.02259e-07
   0.973517  0.00875827  0.00876084  0.00875697 6.84327e-05 6.96609e-05 6.88074e-05 5.22755e-07
 0.350671  0.177815  0.178263  0.177563 0.0364396 0.0364337  0.036376 0.0064388
1.83504e-07    0.495447    0.252572    0.251978 8.16454e-08 8.21247e-08 2.03286e-06 2.23648e-12
3.48839e-10 1.33112e-07 1.81203e-05 3.93901e-05    0.459689    0.528062   0.0121896 1.34389e-06
 0.622411  0.113631  0.113672  0.113643 0.0118481 0.0118381 0.0118331 0.0011239
3.22217e-07  0.00509259    0.544066    0.443953  0.00307904  0.00377233 3.54399e-05  7.6236e-07
   0.995716  0.00142603  0.00142618  0.00142583  1.9779e-06 1.93202e-06 1.98338e-06 2.58397e-09
 0.350671  0.177815  0.178263  0.177563 0.0364396 0.0364337  0.036376 0.0064388
 0.00115737    0.522054    0.198079    0.267619 0.000791573 0.000430699  0.00986153 7.22214e-06
  0.0756658    0.114985    0.388056    0.369837   0.0142068   0.0137891   0.0229035 0.000557306
 0.00658956     0.96287   0.0149621  0.00747958  0.00409461  0.00383497 0.000152735  1.6076e-05
5.56385e-08 6.71995e-05 0.000670287 0.000421814    0.669017    0.327916   0.0018708 3.64907e-05
   0.938083   0.0202812   0.0202841   0.0202848 0.000353506 0.000354082 0.000353773 5.93044e-06
0.00018028  0.0108163  0.0108168  0.0108145   0.317709   0.317765   0.317764  0.0141346
   0.895915   0.0337261   0.0337249   0.0337151 0.000964771 0.000964587 0.000963644 2.61388e-05
2.59309e-06    0.745055    0.127239    0.127591 2.80913e-05  2.8033e-05 5.57975e-05  3.3546e-09
 0.350671  0.177815  0.178263  0.177563 0.0364396 0.0364337  0.036376 0.0064388
  0.488429   0.147589    0.14772   0.147467  0.0219841  0.0219478  0.0219516 0.00291129
  0.717389  0.0873757  0.0874143   0.087343 0.00666501 0.00666826 0.00667412 0.00047079
 0.350671  0.177815  0.178263  0.177563 0.0364396 0.0364337  0.036376 0.0064388
   0.884003   0.0374667   0.0374656    0.037467   0.0011875  0.00118769  0.00118681 3.56148e-05
8.63473e-05     0.24535   0.0721009    0.583935    0.063777  0.00788217   0.0268688 8.67973e-09
  0.78871   0.02969 0.0296949 0.0296276 0.0373259  0.037361 0.0373496 0.0102407
0.000906829     0.31313   0.0174176    0.644262   0.0115379   0.0015124   0.0112225 1.08626e-05
0.000869337    0.466156    0.168471    0.358662 0.000386297 3.52968e-05  0.00541803 3.12915e-06
  0.0198548   0.0201733     0.39623    0.545174  0.00342336  0.00444313   0.0106277 7.42968e-05
   0.840945   0.0508047    0.050796     0.05082  0.00218207  0.00218279  0.00218112 8.81017e-05
 0.350671  0.177815  0.178263  0.177563 0.0364396 0.0364337  0.036376 0.0064388
  0.0198807    0.703863   0.0825316    0.175228  0.00697387  0.00868037  0.00277079 7.20719e-05
   0.997838 0.000719976  0.00072005 0.000720014 5.00327e-07 5.47669e-07  5.0975e-07 3.90956e-10
 2.4206e-07    0.584843   0.0575366    0.275881   0.0245399  0.00511613   0.0520815 1.74366e-06
3.96588e-05  0.00125711  0.00126545  0.00125695   0.0332673   0.0332685   0.0332597    0.896385
9.66144e-05    0.459151 0.000605579    0.485052   0.0282743 2.54207e-05   0.0267904 4.32007e-06
   0.965806   0.0112851   0.0112878   0.0112822 0.000112634  0.00011316 0.000112248 1.08183e-06
   0.983846  0.00535809  0.00535855  0.00535721 2.68765e-05  2.6351e-05 2.63152e-05 1.23847e-07
    0.81581   0.0584506   0.0584479   0.0584639  0.00289747  0.00289746  0.00289803 0.000134558
 0.350671  0.177815  0.178263  0.177563 0.0364396 0.0364337  0.036376 0.0064388
   0.969365   0.0101203   0.0101224   0.0101177  9.0927e-05 9.20582e-05 9.07102e-05 7.88507e-07
   0.996537  0.00115314  0.00115327   0.0011531 1.26725e-06 1.36801e-06 1.31133e-06 1.48501e-09
   0.997438  0.00085325 0.000853421 0.000853246 7.10477e-07 7.92408e-07  7.2934e-07  7.4444e-10
 0.350671  0.177815  0.178263  0.177563 0.0364396 0.0364337  0.036376 0.0064388
3.91424e-10 5.49976e-05    0.504819    0.495046 3.97571e-05 4.05455e-05 6.87509e-09 4.06685e-10
0.000844766     0.72129    0.257314   0.0114662  0.00103017  0.00481117  0.00323922 4.48517e-06
  0.305236    0.20965   0.225037   0.182033  0.0174734 0.00733512  0.0103593  0.0428757
   0.890693   0.0353711   0.0353648   0.0353624  0.00105965  0.00105958   0.0010593 3.00579e-05
   0.999871 4.31555e-05 4.31551e-05 4.31549e-05 1.88534e-09 2.65459e-09 1.84226e-09 8.57619e-14
 0.350671  0.177815  0.178263  0.177563 0.0364396 0.0364337  0.036376 0.0064388
 0.350671  0.177815  0.178263  0.177563 0.0364396 0.0364337  0.036376 0.0064388
    0.98218  0.00590809  0.00590841  0.00590708 3.27334e-05 3.17581e-05 3.18178e-05 1.66239e-07
0.000432981    0.822641    0.154588   0.0196592 0.000623336  0.00138718 0.000666711 7.82615e-07
  0.524083   0.138937   0.139002   0.138898   0.018942  0.0189145  0.0189141 0.00230959
 0.350671  0.177815  0.178263  0.177563 0.0364396 0.0364337  0.036376 0.0064388
   0.933511   0.0217552   0.0217541   0.0217545 0.000405745 0.000406521 0.000405933 7.26512e-06
 0.00235409    0.502332    0.420263   0.0459223 7.83565e-05  0.00686694    0.022157 2.65982e-05
3.49966e-08    0.132179    0.176332    0.613987    0.051572   0.0148072   0.0111211 2.18051e-06
  0.0787234    0.613061   0.0627543    0.192611   0.0183648   0.0253942  0.00846758 0.000622947
0.000348706    0.983534  0.00544209  0.00990239 0.000389956 0.000368509 1.38059e-05 1.43759e-07
   0.998924 0.000358623 0.000358652 0.000358629 1.25524e-07  1.3939e-07 1.25524e-07 4.75065e-11
  0.0115771   0.0663532    0.480585    0.429831  0.00295998  0.00273207  0.00593347 2.75452e-05
   0.985007  0.00497478  0.00497506  0.00497385 2.35244e-05 2.27321e-05 2.27386e-05 1.00534e-07
   0.21357   0.228661   0.228668    0.22871   0.032677  0.0326702  0.0326663 0.00237757
 0.350671  0.177815  0.178263  0.177563 0.0364396 0.0364337  0.036376 0.0064388
   0.999768 7.73712e-05 7.73742e-05 7.73687e-05 6.38227e-09 6.06366e-09 5.91247e-09 4.87146e-13
6.32702e-08  0.00141967    0.525029    0.472026 0.000720745 0.000801641  2.2258e-06 3.71862e-09
0.000170861    0.524484    0.268019    0.205044 9.14865e-05  0.00015812  0.00203289 3.07723e-07
   0.999955 1.51489e-05 1.51486e-05 1.51487e-05 2.48628e-10    4.89e-10 2.37507e-10 3.76253e-15
2.66765e-06    0.346689   0.0232387    0.548168   0.0488938  0.00205219   0.0309529  2.7352e-06
3.01044e-06  0.00421266 7.89184e-05  0.00510706    0.555493  0.00624777    0.428853 5.07595e-06
0.000119022    0.141581    0.186919   0.0031999  0.00655379    0.376903    0.284724 1.40347e-07
   0.999761 7.98108e-05 7.98143e-05 7.98087e-05 6.85097e-09 6.57305e-09 6.29599e-09 5.03365e-13
  0.588521   0.122577   0.122628   0.122596   0.014084   0.014068   0.014063 0.00146389
   0.850438   0.0478922    0.047883   0.0479008   0.0019376  0.00193751  0.00193724 7.38099e-05
 0.350671  0.177815  0.178263  0.177563 0.0364396 0.0364337  0.036376 0.0064388
 0.350671  0.177815  0.178263  0.177563 0.0364396 0.0364337  0.036376 0.0064388
  0.587793   0.122768   0.122818   0.122784  0.0141336  0.0141178  0.0141139 0.00147189
   0.794525   0.0648493   0.0648474   0.0648454  0.00358123  0.00358115  0.00358527 0.000184854
   0.946406    0.017597   0.0175948   0.0175938 0.000267734 0.000269091 0.000267775 3.92371e-06
   0.791408   0.0657783   0.0657765   0.0657754  0.00368794  0.00368736  0.00369309 0.000193162
4.51189e-09    0.410513  0.00963003    0.544698   0.0198442 0.000349942   0.0149627  2.1751e-06
   0.992821  0.00238728  0.00238797  0.00238699  5.4719e-06  5.5315e-06 5.46189e-06 1.17419e-08
   0.806268     0.06133   0.0613267   0.0613321  0.00319535  0.00319557  0.00319654 0.000155805
 0.00357381    0.464925    0.200978    0.321485  0.00883571 9.90596e-05 8.82765e-05 1.57565e-05
0.000382857    0.540052     0.37194   0.0786559  0.00013387  0.00180771  0.00702566 2.13971e-06
 0.350671  0.177815  0.178263  0.177563 0.0364396 0.0364337  0.036376 0.0064388
 0.350671  0.177815  0.178263  0.177563 0.0364396 0.0364337  0.036376 0.0064388
6.58088e-07    0.564625     0.37251    0.019904 0.000890147   0.0167261   0.0253438  1.8193e-10
 0.350671  0.177815  0.178263  0.177563 0.0364396 0.0364337  0.036376 0.0064388
   0.990005  0.00332081  0.00332186  0.00332045 1.03344e-05 1.12271e-05 1.03527e-05 3.22812e-08
 0.285113  0.199473  0.199489  0.199582 0.0376289 0.0376274 0.0376248 0.0034629
  0.200592   0.226672   0.178938   0.296971  0.0277735  0.0350759  0.0317854 0.00219234
4.98334e-05    0.350938   0.0272167    0.572676   0.0295754  0.00139501   0.0181445 4.12914e-06
   0.981061  0.00627704  0.00627795  0.00627618 3.63076e-05 3.58453e-05 3.58407e-05 1.96813e-07
   0.940284   0.0195733   0.0195739   0.0195731 0.000329852 0.000330548 0.000329997 5.34319e-06
   0.978344  0.00717171   0.0071731  0.00717087 4.64818e-05 4.70963e-05 4.63566e-05 2.90505e-07
4.80636e-06    0.319757    0.577049   0.0379794  0.00264828   0.0402673   0.0222935 2.06682e-07
 0.0347827   0.229336   0.343102   0.364145 0.00868939 0.00897811  0.0108052 0.00016164
2.80645e-11 2.67093e-06 2.80178e-06 1.07856e-08 0.000196088    0.468555    0.531243 5.05385e-09
   0.988805  0.00371826  0.00371963  0.00371769 1.29065e-05 1.36357e-05 1.29324e-05 4.38237e-08
5.13387e-06    0.309069   0.0416369    0.576767   0.0450866  0.00323376   0.0241974 3.70024e-06
0.000511176    0.373691    0.308729    0.315066 4.92091e-06 3.85331e-06  0.00199298 6.68253e-07
   0.959374   0.0133849   0.0133868   0.0133817 0.000156645 0.000157396 0.000156774  1.7756e-06
  0.392195   0.158465   0.158454   0.158581  0.0423913  0.0423958   0.042391 0.00512705
 0.350671  0.177815  0.178263  0.177563 0.0364396 0.0364337  0.036376 0.0064388
  0.0121275    0.610306    0.192506    0.172989  0.00490193  0.00472203  0.00241751 2.90432e-05
   0.934411   0.0214646   0.0214651   0.0214663 0.000395249 0.000395799 0.000395358  6.9877e-06
 0.350671  0.177815  0.178263  0.177563 0.0364396 0.0364337  0.036376 0.0064388
   0.997242 0.000918511 0.000918764 0.000918476  8.2477e-07 9.14019e-07 8.59496e-07 9.54933e-10
   0.975947  0.00796041  0.00796192  0.00795939  5.6812e-05 5.72713e-05 5.68718e-05 3.92908e-07
6.33385e-09  0.00819087    0.431834    0.558894 0.000604698 0.000467233 8.95831e-06  1.9083e-08
2.48235e-08 8.87623e-06    0.498073    0.501674  0.00012234 0.000121476 1.91382e-08 2.48921e-11
2.73213e-07  0.00268546   0.0111191    0.024742    0.617035    0.277385    0.067031 2.45167e-06
 0.350671  0.177815  0.178263  0.177563 0.0364396 0.0364337  0.036376 0.0064388
  0.583722  0.0915834  0.0915544  0.0917402  0.0444771  0.0444798  0.0444798 0.00796381
   0.872076   0.0411936   0.0411928   0.0411896   0.0014339  0.00143359  0.00143341 4.71572e-05
 0.00090175    0.493139    0.187121    0.311681 0.000473205 0.000132601    0.006547 4.18424e-06
  0.612504   0.116275    0.11634   0.116259  0.0124783  0.0124648  0.0124631 0.00121685
   0.787165   0.0670397   0.0670464   0.0670358  0.00383434  0.00383388  0.00383997 0.000204837
0.000991524    0.366711    0.180111    0.448441 9.72385e-05 1.31619e-05  0.00363278 2.29051e-06
 5.6757e-10 1.48656e-05 1.53197e-07 8.00706e-05    0.485899   0.0839123    0.430089 5.15427e-06
 0.350671  0.177815  0.178263  0.177563 0.0364396 0.0364337  0.036376 0.0064388
   0.939766   0.0197402   0.0197409   0.0197405 0.000335438 0.000336097 0.000335452 5.47636e-06
   0.997811 0.000729236 0.000729332 0.000729271 5.12798e-07 5.49189e-07 5.21975e-07 3.92372e-10
   0.971731  0.00934435  0.00934631  0.00934284 7.77114e-05  7.8905e-05 7.78225e-05 6.27243e-07
 0.350671  0.177815  0.178263  0.177563 0.0364396 0.0364337  0.036376 0.0064388
   0.986391  0.00451751  0.00451779   0.0045166 1.91478e-05 1.90348e-05 1.87552e-05  7.5233e-08
 0.350671  0.177815  0.178263  0.177563 0.0364396 0.0364337  0.036376 0.0064388
    0.93352   0.0217523   0.0217513   0.0217517 0.000405641 0.000406413 0.000405828 7.26249e-06
   0.999676 0.000108059 0.000108066 0.000108058 1.14867e-08  1.2403e-08 1.15254e-08 1.33916e-12
5.30728e-05    0.600706    0.284158   0.0585063  0.00350213   0.0170525   0.0360211 7.53949e-07
   0.901109   0.0320851   0.0320838   0.0320788 0.000873996 0.000873444 0.000873375  2.2576e-05
   0.957108   0.0141231   0.0141229   0.0141201  0.00017403 0.000175561 0.000174074 2.07912e-06
2.38898e-06   0.0232611  0.00642018  0.00523614    0.144716    0.177504    0.642858 1.62346e-06
 0.0314392   0.696954   0.138215   0.106675  0.0117056  0.0108606 0.00399905 0.00015181
3.08665e-10 0.000134253 3.46195e-05 1.51912e-05    0.125775    0.251264    0.622776 7.40703e-07
 0.350671  0.177815  0.178263  0.177563 0.0364396 0.0364337  0.036376 0.0064388
   0.998072 0.000642296 0.000642346 0.000642343 3.97703e-07 4.20638e-07 4.18484e-07 2.76268e-10
   0.782357   0.0684669   0.0684671   0.0684699  0.00400454   0.0040054  0.00401079 0.000218633
   0.937838   0.0203602    0.020363   0.0203636 0.000356245 0.000356837 0.000356487 5.99699e-06
  0.416696    0.16401   0.164282   0.163781  0.0289399  0.0289228  0.0288902 0.00447832
   0.972758  0.00900684  0.00900986  0.00900545 7.22241e-05 7.39576e-05 7.26206e-05 5.69431e-07
   0.998352 0.000548884 0.000548905 0.000548928 2.91589e-07 3.08671e-07 3.07146e-07 1.66513e-10
  0.0357776    0.443658    0.331691    0.159553   0.0123457  0.00913114  0.00767211 0.000172174
   0.652647    0.105464    0.105509    0.105438   0.0100238   0.0100262   0.0100203 0.000872112
   0.956929   0.0141813   0.0141807   0.0141786 0.000175441 0.000177176 0.000175436  2.1039e-06
  0.0269446    0.461012    0.217075    0.271603  0.00817774  0.00897925  0.00610093 0.000107678
    0.96214   0.0124833   0.0124844   0.0124804 0.000136757 0.000137238 0.000136749 1.44934e-06
  0.871977  0.0412246  0.0412238  0.0412197 0.00143612 0.00143555 0.00143573 4.7264e-05
3.93549e-07   0.0413181    0.617216    0.339182 0.000776412  0.00141248 9.46404e-05 1.97088e-08
5.06443e-07  0.00111705 1.53773e-06  0.00181662    0.480558  0.00552742     0.51096 1.90974e-05
   0.992485  0.00249861  0.00249969  0.00249849 6.03009e-06 6.13063e-06 5.94094e-06 1.34073e-08
 0.00310752   0.0102729    0.442164    0.540461  0.00047492 0.000599893  0.00291672 3.75397e-06
0.000305942    0.783319    0.172044   0.0410189 0.000687564  0.00144732  0.00117704 6.99249e-07
5.05264e-06   0.0537519    0.298676    0.605648   0.0265022    0.013058  0.00235383 4.98595e-06
  0.600864   0.119351   0.119413   0.119342  0.0132428  0.0132284  0.0132261 0.00133269
   0.981175  0.00623928  0.00624021  0.00623843 3.58879e-05 3.54229e-05 3.54497e-05 1.93238e-07
 0.0844813   0.368235   0.444268  0.0234837 0.00201846 0.00982942  0.0665602 0.00112428
   0.928774   0.0232765   0.0232734   0.0232755 0.000463637 0.000464274 0.000463706 8.83338e-06
1.25762e-09    0.409799    0.553023   0.0108255 0.000293466   0.0149709   0.0110874  1.4686e-06
 0.303711  0.205944  0.206109  0.205938  0.011655  0.011681 0.0117061 0.0432545
   0.913237   0.0282391   0.0282398   0.0282323 0.000678866 0.000678376 0.000679055 1.55332e-05
 6.1223e-06    0.231519   0.0988713    0.632531   0.0243511  0.00380174  0.00891616 3.60239e-06
   0.958059    0.013813   0.0138138   0.0138105 0.000166617 0.000168119 0.000166691 1.94839e-06
3.09832e-05   0.0067799    0.527072    0.415149    0.022295   0.0283096  0.00036039 3.75644e-06
  0.0777187    0.177605    0.430063    0.257834  0.00301211 0.000739519    0.052104 0.000924099
 0.350671  0.177815  0.178263  0.177563 0.0364396 0.0364337  0.036376 0.0064388
  0.107057  0.0978372   0.430045   0.299696 0.00578987 0.00313544  0.0551768 0.00126196
0.000305265    0.180433 4.66533e-05    0.185996    0.321347 0.000213773    0.311651 6.81445e-06
3.49014e-07    0.423742     0.54738  0.00794724  0.00017007   0.0117021  0.00905824 2.96302e-07
  0.754485  0.0766603  0.0766843   0.076664 0.00506276 0.00506189 0.00507105 0.00031094
8.90238e-06  0.00235027  0.00236987  0.00236429    0.328813    0.327337    0.332756  0.00400165
  0.907438  0.0124531  0.0445994  0.0159399 0.00325951 0.00789019 0.00266389 0.00575567
 0.350671  0.177815  0.178263  0.177563 0.0364396 0.0364337  0.036376 0.0064388
 0.350671  0.177815  0.178263  0.177563 0.0364396 0.0364337  0.036376 0.0064388
   0.666205    0.101745    0.101779    0.101711  0.00926076   0.0092638  0.00926191 0.000773484
 0.350671  0.177815  0.178263  0.177563 0.0364396 0.0364337  0.036376 0.0064388
2.72444e-05   0.0463785   0.0511476 0.000643775 0.000565313    0.401057    0.500094 8.68122e-05
    0.99977 7.65436e-05 7.65449e-05 7.65405e-05 6.12895e-09 6.02174e-09 5.79025e-09 4.56892e-13
   0.770617   0.0719355     0.07196   0.0719229  0.00443422  0.00443348  0.00444227 0.000254908
   0.868283   0.0423703   0.0423676   0.0423774  0.00151758  0.00151647  0.00151658 5.12506e-05
3.15635e-08   0.0139442    0.408599    0.573501  0.00227769  0.00162236 5.53525e-05 5.24379e-08
 0.350671  0.177815  0.178263  0.177563 0.0364396 0.0364337  0.036376 0.0064388
9.32259e-07 0.000448371  0.00230943 0.000166451   0.0192204    0.313306    0.664264 0.000284275
   0.809768   0.0602764   0.0602733   0.0602814  0.00308431  0.00308428  0.00308501 0.000147774
   0.920257    0.026002   0.0260029   0.0259962 0.000576242 0.000576945 0.000576193 1.22201e-05
 5.4417e-07   0.0818849   0.0745079 0.000201164 0.000928272    0.401585    0.440886 5.42043e-06
   0.707935   0.0900707   0.0901229    0.090014  0.00710913  0.00711263  0.00711654 0.000519123
 0.841637 0.0161179  0.016109 0.0160783 0.0331719 0.0331967 0.0331848 0.0105044
3.21188e-07  0.00434007    0.450025    0.542724  0.00158445  0.00131341 1.26566e-05 1.39894e-07
 0.350671  0.177815  0.178263  0.177563 0.0364396 0.0364337  0.036376 0.0064388
   0.701207   0.0919825   0.0920149    0.091922  0.00743592   0.0074403  0.00744192 0.000555515
 0.00102108    0.360277     0.33991    0.295305   6.489e-07 8.37603e-06  0.00347553 2.11182e-06
 0.350671  0.177815  0.178263  0.177563 0.0364396 0.0364337  0.036376 0.0064388
 0.350671  0.177815  0.178263  0.177563 0.0364396 0.0364337  0.036376 0.0064388
  0.386829    0.17044   0.170728   0.170177  0.0321933  0.0321756  0.0321615 0.00529463
 0.00269043    0.191036    0.411407    0.391768 0.000923906 0.000897704  0.00127527 1.83443e-06
   0.929509   0.0230411   0.0230384   0.0230391 0.000454525 0.000454831 0.000454464 8.57956e-06
   0.908649   0.0296972   0.0296974     0.02969 0.000749786 0.000749002 0.000749523 1.80029e-05
 0.350671  0.177815  0.178263  0.177563 0.0364396 0.0364337  0.036376 0.0064388
0.00101915  0.0483377  0.0449167  0.0640514     0.6476  0.0903764   0.101972 0.00172645
  0.0533285    0.363621    0.245338    0.297886   0.0132006   0.0144164   0.0118914 0.000318148
  0.753573  0.0769242   0.076948  0.0769352 0.00509923 0.00509935 0.00510657  0.0003143
7.18625e-13 3.09898e-07    0.499879     0.50012 1.75469e-07 1.75385e-07 1.00116e-13  1.5358e-13
   0.975897  0.00797669  0.00797837  0.00797568   5.703e-05 5.74923e-05 5.71013e-05 3.95392e-07
 0.350671  0.177815  0.178263  0.177563 0.0364396 0.0364337  0.036376 0.0064388
3.95709e-08 8.93054e-06 0.000395322  0.00040683    0.424609    0.572318    0.002259 2.19102e-06
  0.584943  0.0911857  0.0911496  0.0913402  0.0444662  0.0444672  0.0444681 0.00798051
3.67721e-09    0.636476    0.298983   0.0642419 1.88298e-05 8.85425e-05 0.000191339 8.81198e-10
   0.941131      0.0193   0.0193005   0.0192989 0.000320963 0.000321887 0.000321086 5.13107e-06
2.36487e-08 0.000140304    0.507425    0.491151 0.000631344 0.000652241 2.36594e-07 1.82053e-09
   0.873681   0.0406937   0.0406895   0.0406926  0.00139915  0.00139931  0.00139878 4.54704e-05
6.13733e-09  3.3883e-06 3.36866e-06 3.37387e-06  0.00182622  0.00182618  0.00182635    0.994511
6.70135e-09    0.154509    0.167389    0.643212   0.0232516   0.0060479  0.00558645 4.22681e-06
