3.70546e-07   0.0913171     0.67732   0.0022732    0.223935 0.000316861  0.00155541 0.000702028  0.00155518 0.000316452 0.000701812 7.24182e-08 1.39413e-06 4.22597e-06 6.53628e-07 5.50106e-12
2.77733e-08    0.019201   0.0931231    0.708504    0.158562  0.00518126  0.00301592  0.00206064  0.00301534  0.00518268  0.00206226 6.66351e-05 1.51923e-05 8.83237e-06 1.80459e-06 4.07377e-11
   0.881429   0.0286588     0.02866   0.0286656   0.0286555 0.000646815 0.000647907 0.000649014  0.00064743 0.000646929 0.000646802 1.13955e-05 1.14519e-05 1.14535e-05 1.14137e-05 2.16129e-07
0.000304128   0.0420145   0.0264795   0.0317148   0.0016055   0.0141788  0.00919954   0.0298088    0.602458   0.0858003    0.146809  0.00161204 0.000723066  0.00125162  0.00603541 5.07006e-06
9.56616e-05   0.0446952    0.286698 0.000617556    0.595433   0.0021512   0.0120796   0.0214894   0.0120766  0.00217555    0.021476 9.10286e-07 0.000649454 0.000312906 4.89444e-05 2.94359e-09
     0.9817  0.00454802  0.00454783  0.00454677  0.00454751 1.81198e-05 1.82998e-05 1.81554e-05 1.83337e-05 1.82344e-05 1.83224e-05 6.55641e-08 6.50734e-08 6.52234e-08 6.49238e-08 2.43931e-10
   0.951989  0.00823034  0.00818278  0.00832013  0.00819791  0.00210873  0.00210913  0.00210605  0.00211493  0.00210839  0.00210915 0.000582282 0.000581643 0.000581887 0.000581862 9.53604e-05
3.07861e-06    0.116047    0.655743  0.00128426    0.187893  0.00285564    0.012062  0.00443907   0.0120518  0.00285793   0.0044496 8.03785e-07 6.11692e-05 0.000213687 3.78289e-05 1.05083e-09
0.000312562  0.00153199 0.000160966    0.487943    0.452825   0.0130749   0.0151737 2.10494e-05   0.0151766   0.0130993 3.23562e-05 0.000335949 0.000311513 2.58967e-07 1.03975e-06 6.25915e-09
   0.741033   0.0603361   0.0603767   0.0604753   0.0603335   0.0028469  0.00284934  0.00284929  0.00284086  0.00284441  0.00283554 9.38341e-05 9.40548e-05 9.39475e-05 9.39881e-05 3.43614e-06
1.27744e-05    0.582533  0.00201368   0.0364805    0.280175   0.0176241  0.00296603   0.0279101  0.00294085   0.0176495   0.0278871 7.32042e-05 0.000562046  3.7473e-06   0.0011683 1.53396e-08
   0.996974 0.000755617 0.000755619 0.000755657 0.000755671 5.38625e-07 5.39494e-07 5.42528e-07 5.46162e-07 5.54588e-07 5.38376e-07  3.9408e-10 3.74654e-10 3.70845e-10 3.66139e-10 2.84958e-13
1.86293e-05    0.391943   0.0496488    0.019456    0.503248  0.00435121 0.000129725   0.0132281 0.000129479  0.00435502   0.0132279 5.37788e-06 0.000137818 1.35385e-05 0.000107362 3.69498e-09
0.000411697    0.580254    0.132198    0.140899    0.141457 0.000335176  0.00123533 0.000356011  0.00033388  0.00123768  0.00127679 3.00442e-08  2.7549e-09 1.85342e-08   5.903e-06  1.4408e-09
1.02622e-06 0.000181363   0.0126175    0.390091    0.559699   0.0077955   0.0104752 0.000294934   0.0104657  0.00779405 0.000295346 0.000117091  0.00016801 4.09321e-06 1.10403e-07 2.62888e-09
4.30622e-08   0.0960143   0.0296867    0.722613    0.135401  0.00240557  0.00378907  0.00191732   0.0037884  0.00240692   0.0019183 4.29697e-05 8.45322e-06 1.86785e-06 5.70045e-06 1.10913e-10
   0.970996  0.00718627  0.00718353  0.00718505  0.00718316 4.42351e-05 4.43404e-05 4.41499e-05 4.41593e-05 4.41853e-05 4.43205e-05 2.39687e-07  2.3845e-07 2.37965e-07 2.38656e-07 1.35576e-09
   0.960496  0.00975571  0.00975572  0.00975424  0.00975565 8.04771e-05 8.02751e-05 7.99767e-05 8.01434e-05  8.0027e-05 7.98877e-05  5.6857e-07  5.6702e-07  5.7066e-07 5.69148e-07 4.28147e-09
  0.0097192   0.0188376    0.331731     0.31415    0.314679 0.000995609   0.0026293  0.00104017 0.000996556  0.00263208  0.00256004 6.28309e-06 6.27838e-06 6.11182e-06 1.10935e-05 2.58162e-08
   0.999775 5.61505e-05 5.61468e-05 5.61449e-05 5.61476e-05 3.11962e-09 4.04852e-09 3.10028e-09 3.40555e-09 3.14087e-09 3.14971e-09 1.68107e-13 1.78337e-13 1.71853e-13  2.0215e-13 1.09782e-17
0.000307407     0.74889   0.0302808   0.0237692     0.17801  0.00480455  0.00100442  0.00453672  0.00187295  0.00333071  0.00311522 5.73206e-06 2.25327e-05 6.61912e-06 4.27374e-05 1.02867e-08
9.66953e-05    0.023168   0.0369183   0.0458996   0.0747101   0.0350142    0.617424   0.0110972 0.000209865    0.102949    0.039468  0.00360548  0.00502776   0.0029358  0.00147516 3.33328e-07
3.78857e-06     0.33721   0.0367075    0.616135 0.000166096 0.000205386  0.00173474  0.00293715  0.00173422  0.00020539  0.00293869 1.34927e-05 1.17123e-07  8.5727e-07 7.38599e-06 4.57878e-10
   0.997574 0.000606038  0.00060607 0.000606081 0.000606083 3.48481e-07  3.5104e-07 3.49806e-07 3.53235e-07  3.6806e-07  3.4873e-07 2.11807e-10 1.97548e-10 1.94594e-10 1.93814e-10 1.32301e-13
 0.00815194     0.03289   0.0319225   0.0474761   0.0329321    0.291051    0.322147  0.00155154   0.0657126   0.0812948   0.0764378 3.13044e-05 1.41376e-05 1.75266e-05  0.00829448 7.52476e-05
1.27495e-06    0.156509    0.741439   0.0515359   0.0468135 0.000719119 0.000745934 0.000402047 0.000694478 0.000771322 0.000364659 3.14944e-07 1.87452e-07 2.27919e-06 6.09434e-07 2.99451e-11
   0.996652 0.000835947 0.000835955 0.000835985 0.000835974  6.6022e-07  6.5487e-07 6.73009e-07  6.8134e-07 6.72531e-07 6.51976e-07  5.6495e-10 4.97344e-10 4.93016e-10 4.95008e-10 4.23803e-13
0.000162875    0.503159   0.0133541    0.113085    0.238997    0.010334  0.00360444    0.050174  0.00361235   0.0103853   0.0500807 0.000394572 0.000841701  4.7518e-05  0.00176721 5.98711e-08
2.42475e-12 4.40527e-06 3.52586e-08 9.04169e-12 3.30344e-06    0.183116    0.025737    0.175523   0.0334146    0.237426    0.344769 5.31485e-08 4.10684e-06 2.26659e-09 3.38136e-06 1.31864e-12
   0.958612    0.010215   0.0102153   0.0102133   0.0102162 8.78031e-05 8.77721e-05  8.7417e-05 8.75748e-05 8.75359e-05 8.73439e-05 6.45491e-07 6.43095e-07 6.47127e-07 6.47209e-07 5.01267e-09
   0.928525   0.0174983   0.0174921   0.0174919   0.0174931 0.000247621 0.000248144 0.000247967 0.000248163 0.000247777 0.000248539 2.87958e-06 2.89289e-06 2.88951e-06 2.88687e-06 3.55235e-08
   0.696359   0.0699091   0.0699777   0.0700977    0.069924  0.00386045  0.00386392  0.00386273  0.00385499  0.00385606  0.00384912  0.00014461  0.00014496  0.00014491 0.000144861 6.06388e-06
   0.154275   0.0732724   0.0163446    0.146931    0.389159   0.0158612 0.000201303   0.0883724   0.0824709  0.00270771   0.0122114 0.000896473  0.00015127   0.0142021  0.00245561 0.000487512
3.67931e-09     0.24613    0.700502   0.0266706    0.026662 7.55766e-06 7.88783e-06 2.01936e-06   7.557e-06 7.88809e-06 1.85411e-06 3.10216e-11 4.12224e-11 2.44289e-10 1.17262e-10 6.04917e-15
 3.3846e-07   0.0976057  0.00931656    0.704945    0.185595 0.000353231 0.000702389 0.000212397 0.000702176  0.00035334 0.000212585 1.10459e-06 3.08054e-07 2.86355e-08 1.85924e-07 9.71822e-11
    0.90625   0.0228076   0.0228098   0.0228086    0.022809  0.00041484 0.000415161 0.000415831  0.00041558  0.00041476 0.000414523 6.03678e-06 6.05478e-06 6.08115e-06 6.05155e-06 9.41569e-08
   0.735889   0.0614482   0.0615038   0.0615719   0.0614645  0.00295665  0.00295799  0.00295818  0.00295019   0.0029532  0.00294665 9.89752e-05 9.92144e-05 9.91424e-05 9.91328e-05 3.68415e-06
   0.337214    0.136918    0.137096    0.137021    0.137085   0.0182125   0.0182184   0.0182357   0.0182131   0.0182114   0.0182294  0.00130866   0.0013106  0.00130973  0.00130977 0.000107841
1.54183e-10    0.494144   0.0580469    0.254966    0.192695 2.91155e-06 5.17279e-06 6.61221e-05 5.17309e-06 2.91021e-06 6.61206e-05 1.39448e-09 1.16968e-09 4.54773e-10 3.36251e-09 7.10317e-18
8.96407e-08   0.0232785  0.00275376    0.344494    0.627155 0.000634997 0.000474861 4.89599e-05 0.000474748 0.000635076 4.88097e-05 4.52717e-07 8.18053e-07 6.46688e-09 5.60416e-08 5.57999e-11
   0.542181    0.101086    0.101134    0.101178    0.101111  0.00857983  0.00858319  0.00858558  0.00858104  0.00858334  0.00856887 0.000450217 0.000450576 0.000450351  0.00045025 2.68355e-05
  0.0179153      0.2743    0.191523    0.250058    0.248622  0.00317882  0.00266954  0.00280491  0.00316875  0.00266171  0.00302483 1.78689e-05 1.79269e-05 1.93976e-05 1.72954e-05 9.43056e-08
   0.774461   0.0529785    0.053036   0.0531295   0.0530124  0.00219137  0.00218915  0.00219002  0.00218362  0.00218543  0.00218225 6.45319e-05 6.47511e-05 6.48265e-05 6.47003e-05  2.1072e-06
1.10858e-11 2.92698e-06 1.81496e-05 1.75313e-06 1.01404e-05   0.0367039   0.0749605    0.671215    0.054678   0.0126078    0.149771 3.99659e-06 1.45064e-05 1.17817e-05 9.07717e-07 1.31801e-11
5.03833e-08 0.000129911 0.000155678 0.000130569 0.000130968    0.102889     0.17035    0.252401    0.127955    0.142535    0.202838 0.000126496 0.000126135 0.000105235 0.000127109 4.10073e-08
   0.337214    0.136918    0.137096    0.137021    0.137085   0.0182125   0.0182184   0.0182357   0.0182131   0.0182114   0.0182294  0.00130866   0.0013106  0.00130973  0.00130977 0.000107841
  0.0509184    0.131286    0.412993    0.180892    0.184783  0.00459473  0.00832979  0.00739775  0.00464862  0.00840114  0.00539333 9.48368e-05 9.45015e-05 6.88979e-05 0.000102922 1.09021e-06
 0.00127225    0.747622   0.0287977    0.127425   0.0530401  0.00567855  0.00581922   0.0105621  0.00880888  0.00333127  0.00727815 8.37908e-05 4.52797e-05 3.10081e-05 0.000204445 1.18748e-07
   0.597995   0.0901533    0.090224   0.0903108    0.090179   0.0066466  0.00664817   0.0066499  0.00664541  0.00664213  0.00663591 0.000313053 0.000313468  0.00031362 0.000313294 1.66797e-05
0.000940213    0.249679    0.248778    0.249698    0.249637 0.000211359 0.000210959 0.000210966 0.000211313 0.000210947 0.000211327 1.00162e-07 9.88098e-08 9.83458e-08 9.86559e-08 3.67055e-11
   0.337214    0.136918    0.137096    0.137021    0.137085   0.0182125   0.0182184   0.0182357   0.0182131   0.0182114   0.0182294  0.00130866   0.0013106  0.00130973  0.00130977 0.000107841
   0.996213 0.000945439 0.000945437  0.00094545 0.000945455 8.42966e-07 8.34217e-07  8.5379e-07 8.39817e-07 8.44258e-07 8.36924e-07 7.29085e-10 7.03671e-10 7.02665e-10   7.137e-10 6.06116e-13
1.03862e-12 9.21363e-07 2.71399e-07 1.32425e-06   1.153e-06   0.0585044    0.363886   0.0270503    0.238044    0.212411    0.100097 1.73513e-06 7.79901e-07 4.82032e-07 5.93563e-07 1.81098e-13
   0.778157   0.0521606   0.0522154   0.0523098   0.0521911  0.00212362   0.0021212  0.00212277  0.00211642  0.00211788  0.00211476 6.17213e-05 6.19201e-05 6.20299e-05 6.18976e-05 1.98888e-06
   0.841267    0.037941    0.037978   0.0380008   0.0379663  0.00112664   0.0011251  0.00112634  0.00112235  0.00112294  0.00112231 2.50124e-05 2.51237e-05 2.51635e-05 2.50957e-05 6.07755e-07
3.37437e-07     0.38035    0.102491    0.090204    0.405197   0.0011098 4.32918e-06  0.00971148  4.6172e-06   0.0011107  0.00971558  9.4235e-06 4.22506e-05  1.0738e-05 3.96348e-05 1.05185e-11
   0.874734   0.0302212   0.0302245   0.0302366   0.0302207 0.000717281 0.000718985 0.000720203 0.000717819  0.00071779  0.00071742 1.32122e-05 1.32873e-05 1.32556e-05 1.32385e-05 2.62359e-07
   0.947221   0.0129867   0.0129833    0.012983   0.0129842 0.000139302 0.000139761 0.000139262 0.000139639 0.000139085 0.000139161 1.25745e-06 1.25735e-06 1.26577e-06 1.26087e-06 1.19928e-08
0.000269208     0.70975   0.0486679    0.183981   0.0197036  0.00335456  0.00810319  0.00754738  0.00960853  0.00248648  0.00623381 7.16199e-05 1.18994e-05 2.35668e-05 0.000186448 2.00805e-08
   0.966904  0.00818976  0.00818726  0.00818807  0.00818682 5.70403e-05 5.73811e-05 5.69239e-05 5.71597e-05 5.69775e-05 5.69913e-05 3.49323e-07 3.46473e-07 3.45895e-07 3.48629e-07 2.25014e-09
0.000162238    0.501373  0.00136002    0.423033  0.00881296 0.000115933   0.0130238   0.0190685   0.0130119 0.000115535   0.0190922 0.000376323 7.97753e-06 1.24445e-06 0.000445694   7.678e-09
   0.772595   0.0533889     0.05345   0.0535432   0.0534275  0.00222589  0.00222366  0.00222448  0.00221781  0.00221992  0.00221654 6.59804e-05 6.62028e-05  6.6268e-05  6.6148e-05 2.16902e-06
2.05635e-06    0.524136   0.0368211    0.288728    0.143277   0.0001235 0.000422447   0.0029655 0.000422418 0.000123382  0.00296657 3.31196e-06 1.68515e-06 4.27587e-07 6.01369e-06  2.7573e-10
   0.337214    0.136918    0.137096    0.137021    0.137085   0.0182125   0.0182184   0.0182357   0.0182131   0.0182114   0.0182294  0.00130866   0.0013106  0.00130973  0.00130977 0.000107841
   0.825885   0.0414437   0.0414918   0.0415408   0.0414741  0.00134186  0.00134013  0.00134273  0.00133629  0.00133785  0.00133571 3.20947e-05   3.222e-05 3.22508e-05 3.22112e-05 8.42879e-07
0.000265254    0.178636   0.0595973    0.647247   0.0189958   0.0075366   0.0162902   0.0229695   0.0162826  0.00752469   0.0229659  0.00120844 3.57312e-05 0.000111831 0.000333972 2.31387e-08
1.49346e-06    0.308343    0.496609   0.0452251    0.144011 0.000342888  0.00245538 6.52191e-05  0.00254928 0.000308449 8.17353e-05 4.74317e-07 1.03194e-06 4.11035e-06 2.28918e-06 1.29685e-11
5.87144e-07   0.0523139  0.00256667    0.657035    0.282326 0.000979053  0.00167118 0.000225242  0.00166982 0.000978936 0.000225623  5.1955e-06 2.18881e-06 2.90953e-08 4.35156e-07  1.5638e-12
7.75149e-08  0.00252975  0.00120866    0.478924     0.50008  0.00481178  0.00377837 5.03164e-06  0.00377744  0.00481478 3.94455e-06 3.18672e-05 3.34813e-05 1.43397e-07 1.64476e-07 1.97683e-10
   0.955184   0.0110511   0.0110497   0.0110486   0.0110515 0.000101944   0.0001021 0.000101856 0.000102015 0.000101856 0.000101827 8.02464e-07 7.99576e-07 8.05653e-07  8.0372e-07 6.62865e-09
1.31227e-07   0.0375435   0.0041323    0.653473    0.302982  0.00035344  0.00051828 6.22131e-05 0.000518102 0.000353474 6.23551e-05  5.5135e-07 2.68478e-07 6.70303e-09 7.99316e-08 9.68989e-11
1.28821e-08    0.473687   0.0686366    0.184061    0.271674 6.53927e-05   2.715e-05 0.000877765 2.72045e-05 6.53576e-05 0.000877774 1.66946e-07 2.46983e-07 6.20436e-08 4.34983e-07 1.00165e-11
   0.983336  0.00414395  0.00414395  0.00414207  0.00414287  1.5112e-05 1.52127e-05 1.51535e-05 1.52177e-05 1.52454e-05 1.52294e-05 5.03214e-08 4.98802e-08 4.99669e-08 4.96025e-08 1.72768e-10
5.05131e-07 2.33314e-05  0.00183857 9.07424e-05 9.93672e-05   0.0212005    0.615405    0.203974   0.0225645   0.0243402    0.109026 0.000139293 0.000790563 0.000259621 0.000247905 2.73794e-07
   0.711437   0.0666861   0.0667713   0.0668787   0.0667233  0.00350326  0.00350411  0.00350321  0.00349535  0.00349687  0.00349107 0.000125856 0.000126199 0.000126165  0.00012611 5.05438e-06
7.93161e-07  0.00441832     0.61899   0.0334772    0.289115  0.00175917   0.0102914   0.0146608   0.0102818  0.00176578   0.0146586 2.05369e-05 0.000177305 0.000379756 2.68526e-06 3.17681e-11
   0.996794 0.000800615 0.000800659  0.00080067 0.000800702 6.04164e-07 6.04225e-07 6.15204e-07 6.16746e-07  6.1569e-07 5.99889e-07 4.78819e-10 4.47664e-10 4.35578e-10 4.34175e-10 3.56739e-13
  0.0713442    0.121374    0.378682    0.192676    0.186615  0.00595902   0.0104919  0.00881961  0.00586087   0.0103607  0.00724183 0.000146526 0.000148488  0.00011317 0.000165031 2.19961e-06
    0.99978 5.50427e-05 5.50405e-05 5.50384e-05 5.50412e-05 3.00596e-09 3.69611e-09 2.98167e-09 3.26875e-09 3.02358e-09 3.12356e-09 1.58636e-13 1.66888e-13 1.65658e-13 1.94018e-13 1.04296e-17
7.07426e-07   0.0225454  0.00172346    0.612704    0.349605  0.00271397  0.00372545 0.000250295  0.00372568  0.00271557 0.000249516 2.50429e-05 1.46264e-05 1.13369e-07 9.35467e-07 4.97369e-10
   0.611648   0.0780129   0.0696827   0.0577324   0.0663429   0.0184645   0.0176691   0.0197244   0.0193843   0.0185445    0.017349  0.00138563  0.00134694  0.00133006   0.0012943 8.80826e-05
1.86423e-05  0.00450961  0.00728877 0.000753769 0.000510014  0.00457153  0.00648759     0.91819   0.0237265  0.00358824   0.0249172  0.00257667  0.00226646 0.000485061 0.000105313 4.24548e-06
   0.919383  0.00414677  0.00413187  0.00409473  0.00440523  0.00978752   0.0097824  0.00979477  0.00980783  0.00978902  0.00980356  0.00123593  0.00123623  0.00123522  0.00123487 0.000131104
2.14974e-08    0.356959    0.619648   0.0185684  0.00286275 0.000528818 0.000416058 3.53542e-05 0.000416088 0.000528706 3.54253e-05 2.91586e-08 3.26365e-09 5.70103e-07 3.33869e-07 2.35114e-13
1.08807e-06 8.04203e-05  0.00419601   0.0015516  0.00646264    0.137847    0.246792    0.250936   0.0375087    0.287074   0.0238619  0.00030481  0.00231386 0.000988623  8.0821e-05 1.16257e-07
 1.7823e-06  0.00702777    0.249772    0.601422    0.128917  0.00478946 0.000494512  0.00112691 0.000494319  0.00478943   0.0011267 2.28153e-05 5.08955e-06 9.42956e-06 3.08732e-07 8.22776e-10
  0.0801128    0.211758    0.228249    0.213229    0.213452  0.00859697  0.00890925  0.00888933  0.00860141  0.00891616  0.00862719 0.000165059 0.000165477 0.000161502 0.000165117 2.67895e-06
1.30683e-09 9.94585e-07 1.03137e-06 1.92522e-06 3.73611e-06 2.86275e-06 2.44488e-07  0.00216495 7.98204e-05 0.000118678  0.00311447    0.120313    0.299184    0.266285    0.308677  5.2143e-05
   0.998472  0.00038176 0.000381825 0.000381792 0.000381784  1.4071e-07 1.46487e-07 1.39756e-07 1.39798e-07 1.40355e-07 1.40702e-07 4.95253e-11 4.98572e-11 5.01264e-11 4.99371e-11 1.96658e-14
1.09765e-06    0.012411    0.277561    0.110528    0.559453  0.00101241   0.0152751  0.00357243   0.0152632  0.00101725  0.00357598 3.79502e-05 0.000191658 9.51222e-05 4.25292e-06 1.96465e-09
9.82346e-09 0.000236385 7.62539e-06  0.00100895 0.000185811 9.28854e-05    0.396945   0.0308865    0.100258    0.296303    0.173066 0.000707829 0.000130381  5.3306e-06 0.000165933 3.25506e-08
   0.930753   0.0169621   0.0169577   0.0169571   0.0169581 0.000233278 0.000233671  0.00023353 0.000233719 0.000233265   0.0002337 2.64162e-06 2.65132e-06  2.6556e-06 2.64653e-06  3.1725e-08
    0.56805   0.0960751   0.0961198   0.0962003   0.0961066  0.00764851  0.00765264  0.00765474  0.00765082  0.00764925  0.00763969 0.000382375 0.000382782 0.000382693 0.000382596 2.16746e-05
   0.870459   0.0312112   0.0312234    0.031238    0.031218 0.000764869 0.000765919 0.000767173 0.000764652 0.000764375 0.000764578  1.4456e-05 1.45398e-05 1.45179e-05  1.4493e-05  2.9527e-07
   0.488116    0.111225    0.111319    0.111244    0.111258   0.0107219   0.0107236   0.0107261   0.0107226   0.0107233   0.0107102 0.000617601 0.000618161 0.000617592 0.000617487 4.05743e-05
    0.67884   0.0736324   0.0736588   0.0737861   0.0736137  0.00429909  0.00430353  0.00430169  0.00429658    0.004297  0.00428793 0.000168638 0.000168926 0.000168905 0.000168882  7.4181e-06
   0.337214    0.136918    0.137096    0.137021    0.137085   0.0182125   0.0182184   0.0182357   0.0182131   0.0182114   0.0182294  0.00130866   0.0013106  0.00130973  0.00130977 0.000107841
   0.117687    0.203597    0.203729    0.203645    0.203664   0.0111008    0.011092   0.0111069   0.0111025   0.0110952   0.0110982 0.000268939 0.000269417 0.000268979 0.000268634 5.74581e-06
 1.1362e-06    0.187153   0.0095052    0.691234   0.0908013   0.0017223  0.00583488   0.0030422  0.00583359  0.00172432  0.00304934 6.92302e-05 9.40437e-06 1.05296e-06 1.87387e-05 2.67391e-10
   0.981359  0.00463238  0.00463229  0.00463093  0.00463146  1.8777e-05 1.89579e-05 1.88141e-05 1.90126e-05 1.89051e-05 1.90173e-05 6.90559e-08 6.85388e-08 6.86666e-08 6.83709e-08 2.61182e-10
   0.851866   0.0355166   0.0355342   0.0355586   0.0355234 0.000987006 0.000986485 0.000988348 0.000985176 0.000984962 0.000985099 2.07566e-05 2.08474e-05 2.08974e-05 2.08175e-05 4.75817e-07
3.86575e-06    0.661661   0.0200634   0.0314666    0.244526  0.00885521  0.00222396   0.0098711  0.00222087  0.00885221  0.00989018 1.19629e-05  9.3281e-05 7.69007e-06 0.000252326 6.31913e-09
   0.996744 0.000813073 0.000813105 0.000813121 0.000813148 6.23496e-07 6.22904e-07 6.37488e-07 6.38855e-07 6.37621e-07 6.17947e-07 5.15299e-10 4.68774e-10  4.5536e-10 4.53038e-10 3.87146e-13
   0.109412    0.208014    0.202425    0.206801    0.208572   0.0106814   0.0105341   0.0105762   0.0107243   0.0105795   0.0106925 0.000245373 0.000245334 0.000247163 0.000244712 4.98906e-06
3.36766e-06    0.460251   0.0756403    0.258929    0.197668 0.000108783 0.000206698  0.00343149 0.000206796 0.000108727  0.00343192  3.3855e-06 2.58877e-06 9.82663e-07 6.00941e-06 7.01403e-11
1.67305e-05   0.0495911  0.00829441   0.0914313 0.000419902  0.00262212    0.297096    0.337493   0.0232118   0.0582568    0.112044   0.0131671 2.56261e-06 0.000743863  0.00560866 1.24998e-06
   0.137214    0.197138    0.197263    0.197185    0.197204   0.0121165   0.0121061   0.0121283   0.0121185   0.0121127    0.012109 0.000324328 0.000325191  0.00032467 0.000324125 7.69361e-06
   0.738385   0.0609074   0.0609563   0.0610428   0.0609153  0.00290323  0.00290493  0.00290523  0.00289685  0.00290001  0.00289264 9.64533e-05 9.66961e-05 9.66084e-05 9.66118e-05 3.56207e-06
 0.00176812    0.262789    0.226006    0.253529    0.253613 0.000396533 0.000367967 0.000374954 0.000396563  0.00036808 0.000389438   3.183e-07 3.20446e-07 3.30499e-07 3.18387e-07 2.19303e-10
0.000110037    0.119507  0.00074835    0.581579    0.195757  0.00971618   0.0347635  0.00571645   0.0347501  0.00970334  0.00572126  0.00124862 0.000421045 1.90913e-06 0.000257039 5.37266e-08
    0.85056   0.0358151   0.0358382   0.0358579   0.0358269  0.00100362  0.00100328  0.00100476  0.00100164  0.00100158  0.00100154 2.12549e-05 2.13441e-05 2.13847e-05  2.1317e-05 4.90859e-07
   0.885453   0.0277218   0.0277138   0.0277201   0.0277105  0.00060605 0.000606923 0.000607676 0.000606812 0.000606061 0.000605663 1.03861e-05 1.04218e-05 1.04489e-05 1.03952e-05 1.91408e-07
2.63986e-07    0.487757   0.0565219     0.20668    0.231768 0.000521478 0.000412619  0.00766704 0.000413111 0.000522175  0.00767086 1.37825e-05  1.5478e-05 3.81009e-06 3.23995e-05 6.58028e-12
   0.610409   0.0876709   0.0877308   0.0878411   0.0876881  0.00625168  0.00625268   0.0062551  0.00624889  0.00624685  0.00624057  0.00028694 0.000287322 0.000287517  0.00028721 1.48819e-05
  0.0653373     0.47622   0.0835852    0.160575    0.164758   0.0177374 0.000299183  0.00266153    0.017887 0.000322866  0.00990666 0.000125463 0.000124195 0.000400305 5.61669e-05 3.74239e-06
   0.104034    0.240007    0.147907    0.221329    0.223927   0.0114312  0.00914078  0.00955454   0.0114928   0.0091991   0.0110493 0.000225735 0.000225352 0.000253768 0.000219405 4.55132e-06
3.92315e-06    0.336915   0.0573075     0.59542  0.00233523 0.000147181  0.00114319  0.00271057  0.00114294 0.000147356  0.00271183 8.85186e-06 1.27022e-07  8.7651e-07 5.04561e-06 5.70787e-10
1.18902e-07   0.0376347  0.00135745    0.629519    0.316658  0.00269515  0.00429412 0.000400832   0.0042937  0.00269742 0.000401008 3.11865e-05 1.60554e-05 1.39701e-07 1.86306e-06 3.96465e-10
   0.995575  0.00110464  0.00110457  0.00110455  0.00110457 1.13652e-06 1.14307e-06 1.14378e-06  1.1401e-06 1.14735e-06  1.1343e-06 1.12724e-09 1.10503e-09 1.10586e-09 1.14982e-09 1.11354e-12
 2.4494e-05    0.179802    0.619783    0.151197 0.000649693   0.0166897  0.00400687  0.00334039  0.00400157   0.0166826   0.0033482 7.56403e-05 3.54077e-07 0.000309133 8.97159e-05 1.08165e-10
   0.956794   0.0106585   0.0106583   0.0106569    0.010659 9.51013e-05  9.5233e-05 9.49275e-05 9.51601e-05 9.50245e-05  9.4899e-05  7.2691e-07 7.22541e-07 7.28455e-07 7.27903e-07 5.82522e-09
   0.337214    0.136918    0.137096    0.137021    0.137085   0.0182125   0.0182184   0.0182357   0.0182131   0.0182114   0.0182294  0.00130866   0.0013106  0.00130973  0.00130977 0.000107841
   0.995448  0.00113615  0.00113603  0.00113605  0.00113607 1.20125e-06 1.20756e-06 1.20676e-06 1.20685e-06 1.20951e-06 1.19831e-06 1.22039e-09 1.20066e-09 1.20146e-09 1.25242e-09  1.2441e-12
   0.925798   0.0181514   0.0181465   0.0181456    0.018148 0.000265954 0.000266254 0.000266293 0.000266182 0.000266018 0.000266699 3.18869e-06 3.20373e-06 3.20499e-06 3.19608e-06 4.06273e-08
   0.921981   0.0190672   0.0190591   0.0190599   0.0190613 0.000292566  0.00029296  0.00029328 0.000292401  0.00029272 0.000293269 3.65709e-06 3.67643e-06 3.67366e-06 3.66773e-06 4.86645e-08
   0.961727  0.00945477  0.00945488  0.00945355  0.00945493  7.5777e-05 7.54978e-05 7.52754e-05 7.54034e-05 7.53335e-05 7.52637e-05  5.2196e-07 5.19304e-07 5.22148e-07 5.20179e-07 3.82405e-09
  0.0001682  0.00694369  0.00663445   0.0138338  0.00543967    0.196995    0.318067   0.0959178   0.0883569   0.0232964    0.229321  0.00166666  0.00496204  0.00425981  0.00409218 4.57436e-05
   0.337214    0.136918    0.137096    0.137021    0.137085   0.0182125   0.0182184   0.0182357   0.0182131   0.0182114   0.0182294  0.00130866   0.0013106  0.00130973  0.00130977 0.000107841
   0.962424  0.00928515  0.00928437   0.0092839  0.00928416 7.31772e-05 7.28825e-05 7.26687e-05 7.27917e-05 7.27101e-05 7.26002e-05  4.9564e-07 4.93684e-07 4.97149e-07 4.95296e-07 3.58979e-09
3.00367e-07    0.252153    0.702268   0.0230132   0.0221347 9.18765e-05 0.000101248 2.42566e-05 9.10849e-05 0.000102123 1.94058e-05 1.67265e-09 1.91259e-09 2.92117e-08   1.368e-08 1.82163e-13
4.15711e-06   0.0307602   0.0253618    0.469488    0.447759  0.00353496  0.00969385 5.05291e-06  0.00968909  0.00354105 1.23389e-05  7.2592e-05 6.93301e-05 3.98771e-06 4.74599e-06 8.42054e-10
   0.337214    0.136918    0.137096    0.137021    0.137085   0.0182125   0.0182184   0.0182357   0.0182131   0.0182114   0.0182294  0.00130866   0.0013106  0.00130973  0.00130977 0.000107841
2.25872e-07 0.000372066 1.17018e-05 1.38237e-05  0.00069406   0.0121039    0.347562   0.0023921    0.224782    0.235507    0.175986 7.12686e-06   0.0003653 6.06921e-06 0.000195776 3.51723e-08
8.30356e-08  4.7114e-07 0.000580628 0.000100405  0.00098641   0.0430056    0.359582    0.079924  0.00900414   0.0245893    0.481088 7.33323e-07   0.0003434 0.000747828 4.75941e-05 4.44686e-08
 0.00986341   0.0259047   0.0118141  0.00640601    0.193372   0.0718463  0.00141843   0.0156841    0.546405   0.0931871 0.000249911   0.0155036  0.00162581   0.0041876  0.00230986 0.000222212
4.43727e-06    0.176143   0.0524995    0.706715   0.0368097  0.00251979  0.00532147  0.00598675  0.00531835  0.00252217  0.00599644 0.000119191 6.35765e-06 9.07154e-06  2.9696e-05 8.63359e-11
   0.488277    0.111194    0.111291    0.111213    0.111229   0.0107151   0.0107168    0.010719   0.0107158   0.0107162   0.0107037 0.000617041 0.000617594 0.000617032 0.000616935  4.0526e-05
1.88878e-06 0.000725124   0.0012163 6.44249e-06 0.000379333   0.0172922   0.0101514     0.81504  0.00115429   0.0582265   0.0942182  0.00105715 0.000343128 3.37454e-05 0.000153117 9.67703e-07
 1.3273e-07  0.00133142 0.000559394  2.5377e-05 0.000475832  0.00269587   0.0106078    0.202652    0.107953    0.669155  0.00315775 2.27528e-06 0.000127327 0.000160843  0.00109686 6.86276e-08
   0.949305   0.0124815   0.0124784   0.0124775   0.0124793 0.000128865 0.000129399 0.000128923 0.000129219 0.000128783 0.000128848 1.12494e-06 1.12481e-06 1.13009e-06  1.1276e-06 1.03326e-08
 0.00113522     0.41656    0.548658  0.00850547   0.0118145  0.00194938  0.00449466 6.26806e-05  0.00183267  0.00467338 0.000270539 1.77239e-06  1.3839e-06 7.09069e-06 3.28916e-05 2.16807e-08
 3.6217e-08    0.239236    0.704431   0.0282951   0.0277754 5.68617e-05 5.92753e-05 1.61424e-05 5.65941e-05 5.95488e-05 1.47574e-05 7.17703e-10 7.99361e-10 1.15782e-08 4.58179e-09  2.0444e-14
1.90932e-15 2.73068e-11 1.97897e-09 7.79063e-09 7.92431e-09    0.444249   0.0551095   0.0567349    0.232951    0.210691 0.000265038 1.28661e-08 4.06378e-09 3.70236e-10 3.99805e-10 7.45772e-17
   0.843855   0.0373492   0.0373835    0.037405   0.0373728  0.00109112   0.0010906  0.00109165  0.00108802  0.00108847  0.00108821  2.3924e-05 2.40325e-05 2.40485e-05 2.39997e-05 5.72893e-07
   0.812871   0.0443981   0.0444396    0.044505     0.04442  0.00153763  0.00153657  0.00153795  0.00153225  0.00153383  0.00153102 3.89907e-05 3.91416e-05 3.91747e-05 3.91285e-05 1.08833e-06
7.09776e-10 1.46067e-06 1.93514e-05  0.00168527  0.00141252   0.0333336   0.0254474 0.000252075   0.0254299   0.0333718 0.000256738    0.475063    0.398031  0.00543868 0.000257126 3.86192e-07
3.44125e-10    0.366672   0.0250192 2.45892e-05    0.586107  0.00416737 0.000289236  0.00657751 0.000289158   0.0041678  0.00658012  1.1119e-09 6.34092e-05 2.69956e-06 3.96232e-05 3.56643e-11
   0.337214    0.136918    0.137096    0.137021    0.137085   0.0182125   0.0182184   0.0182357   0.0182131   0.0182114   0.0182294  0.00130866   0.0013106  0.00130973  0.00130977 0.000107841
 7.7266e-06  0.00378783   0.0333095  0.00397118   0.0338073 0.000672171    0.104602    0.250764    0.553006 0.000983114 0.000917865 0.000749086  0.00640148  0.00630568 0.000715515 4.66813e-11
 0.00707853    0.011748  0.00916461    0.402937  0.00527464   0.0308715   0.0760435   0.0109077   0.0729003    0.122975    0.226214   0.0117146  0.00345494  0.00413625  0.00451883 6.06996e-05
   0.428457    0.121839    0.121986    0.121923    0.121902   0.0134071   0.0134104   0.0134117   0.0134052   0.0134125   0.0133913 0.000847996   0.0008485 0.000848103 0.000848152 6.13855e-05
   0.601072   0.0895426   0.0896113   0.0896992   0.0895608  0.00654698  0.00654886  0.00655083  0.00654474  0.00654349  0.00653572 0.000306448 0.000306812 0.000306931 0.000306686 1.62198e-05
9.40765e-06  0.00294974  0.00121075  0.00174052  0.00177494    0.282385   0.0718218    0.160587    0.289705   0.0741529    0.108603   0.0013194  0.00129516  0.00175935 0.000681466 4.72198e-06
   0.334242   0.0746667    0.147657    0.166015     0.16663   0.0155162   0.0201713   0.0146326   0.0155581   0.0202136    0.021271 0.000796641 0.000796131 0.000826118 0.000970928  3.6538e-05
 0.00011336    0.249503    0.250665    0.249778    0.249776 2.72523e-05 2.73154e-05 2.73004e-05 2.72515e-05 2.73158e-05 2.72681e-05 1.66407e-09 1.66212e-09 1.66247e-09 1.66628e-09 8.45846e-14
7.09029e-08    0.161999   0.0708344   0.0319217    0.717714  0.00300129  0.00175554  0.00397237  0.00175512  0.00300564  0.00397319 2.20234e-06 4.90895e-05 4.82033e-06 1.10644e-05  1.8772e-10
3.33535e-05  0.00983165    0.537944  0.00153144    0.354802 0.000989164   0.0250668   0.0210118   0.0250521  0.00101828    0.021011 4.91624e-06 0.000670131  0.00101507 1.82696e-05 5.60425e-08
 0.00268155    0.242237    0.260197     0.24586    0.245653 0.000551438 0.000571525 0.000567443 0.000551079 0.000571338 0.000555235 6.92052e-07 6.94022e-07 6.81082e-07   7.287e-07 6.80914e-10
2.35837e-08 5.58135e-06 0.000723526 5.27095e-05 0.000605454    0.136505   0.0346289    0.577174    0.206729   0.0423928  0.00026516 8.57636e-06 0.000290491 0.000617956 1.18637e-06 1.04454e-08
   0.999758 6.03883e-05 6.03818e-05 6.03792e-05 6.03825e-05 3.58842e-09 4.27367e-09 3.58609e-09 3.79872e-09 3.62108e-09 3.67046e-09 2.10278e-13 2.20771e-13 2.17057e-13 2.36651e-13 1.28643e-17
 0.00041581   0.0719097    0.200755    0.226828    0.430776  0.00158843   0.0313627  0.00119921   0.0313746  0.00161246  0.00124634 0.000227821  0.00043087  0.00020112 7.16875e-05 1.46538e-08
   0.847712   0.0364691    0.036496   0.0365121    0.036485  0.00104027  0.00103988  0.00104117  0.00103772  0.00103816    0.001038  2.2365e-05 2.24617e-05 2.24798e-05   2.243e-05 5.24291e-07
   0.337214    0.136918    0.137096    0.137021    0.137085   0.0182125   0.0182184   0.0182357   0.0182131   0.0182114   0.0182294  0.00130866   0.0013106  0.00130973  0.00130977 0.000107841
   0.956427   0.0107481   0.0107476   0.0107463   0.0107487 9.66308e-05 9.66909e-05 9.65142e-05 9.66376e-05  9.6536e-05 9.64398e-05 7.42399e-07 7.39294e-07 7.45444e-07 7.43925e-07  5.9741e-09
   0.865462   0.0323732   0.0323846   0.0324042   0.0323787 0.000821651 0.000822824 0.000824274 0.000821279 0.000820972 0.000821422 1.60091e-05 1.61032e-05 1.60913e-05 1.60492e-05 3.37689e-07
   0.825906   0.0414383   0.0414873    0.041536   0.0414698  0.00134163  0.00133983   0.0013424  0.00133596  0.00133754  0.00133542  3.2084e-05 3.22096e-05 3.22412e-05 3.22007e-05 8.42541e-07
   0.337214    0.136918    0.137096    0.137021    0.137085   0.0182125   0.0182184   0.0182357   0.0182131   0.0182114   0.0182294  0.00130866   0.0013106  0.00130973  0.00130977 0.000107841
   0.892698   0.0260128   0.0260113   0.0260195   0.0260074  0.00053582 0.000536391 0.000537258 0.000535974 0.000535254 0.000534933  8.6911e-06 8.72652e-06 8.76047e-06 8.71482e-06 1.51833e-07
   0.715371    0.065851   0.0659317   0.0660216   0.0658839  0.00341215  0.00341356  0.00341235  0.00340457  0.00340673  0.00340032 0.000121269 0.000121577  0.00012153 0.000121491 4.81254e-06
2.38978e-08 0.000652329 7.48325e-05 6.99853e-06 0.000725762   0.0957769  0.00251055    0.604221   0.0657207    0.199102   0.0301854 3.75267e-06 0.000712322 9.61036e-06 0.000297314 1.33557e-08
  0.0004122  0.00559848    0.162068      0.6562    0.111035   0.0184808   0.0056729  0.00776744  0.00567686   0.0185004  0.00777014 0.000573951 9.73746e-05 0.000141828 4.79639e-06 1.53443e-08
 0.00698623    0.599703    0.239975   0.0438076   0.0470789  0.00969528   0.0167212  0.00228748  0.00940463   0.0170797  0.00645759 1.07314e-06 1.16604e-06 7.71371e-05 0.000722954 9.41261e-07
   0.601818   0.0893906   0.0894616   0.0895471   0.0894178  0.00652356  0.00652452  0.00652695  0.00652119  0.00651926  0.00651245 0.000304837 0.000305225 0.000305375 0.000305083 1.61082e-05
   0.942836   0.0140481   0.0140453   0.0140441    0.014046 0.000162038 0.000162674 0.000162219 0.000162773 0.000161908 0.000162137 1.56572e-06 1.56718e-06 1.57607e-06 1.56823e-06 1.59617e-08
   0.723877   0.0640366   0.0641059   0.0641768    0.064053  0.00322072  0.00322167  0.00321977  0.00321265  0.00321569  0.00320824 0.000111699 0.000111973 0.000111909   0.0001119 4.32063e-06
8.82283e-06     0.16541    0.765002   0.0403067    0.027838 0.000263593 0.000324389 0.000156449 0.000234866 0.000357889 9.64967e-05 5.69748e-08  3.5683e-08 2.96093e-07 1.40909e-07 1.08843e-11
5.63712e-07  0.00144496   0.0211869   0.0221695  0.00172629   0.0148993    0.234831     0.22327    0.224199    0.234621   0.0152039  0.00307092 0.000239376  0.00293579 0.000200853 1.15949e-07
   0.981194  0.00467301  0.00467277  0.00467186  0.00467224 1.91011e-05 1.92614e-05 1.91422e-05 1.93182e-05 1.92188e-05 1.93189e-05 7.07881e-08 7.02416e-08 7.04209e-08 7.01129e-08 2.69722e-10
   0.735155   0.0616058   0.0616661   0.0617298   0.0616226  0.00297264   0.0029741  0.00297355  0.00296587  0.00296897  0.00296244 9.97236e-05 9.99721e-05 9.98866e-05 9.98846e-05 3.72089e-06
   0.992245  0.00193379  0.00193363  0.00193336  0.00193361 3.42327e-06 3.44511e-06 3.41541e-06 3.42531e-06 3.41964e-06 3.43177e-06 5.65644e-09 5.64898e-09 5.63006e-09 5.69972e-09 9.42011e-12
2.43052e-10  1.5879e-06 1.28252e-07 4.13067e-08 3.68085e-08 0.000438616 0.000186106 0.000793245 0.000790672  4.1917e-05 0.000187556    0.279258   0.0985532   0.0975716     0.52203 0.000147206
    0.99192  0.00201475  0.00201463  0.00201427  0.00201454 3.70092e-06  3.7243e-06 3.70813e-06 3.72252e-06 3.71844e-06 3.70518e-06 6.35153e-09 6.32487e-09 6.35268e-09 6.39321e-09 1.11517e-11
   0.786473   0.0502984   0.0503625   0.0504787   0.0503359  0.00197664  0.00197297  0.00197449  0.00196736  0.00196899  0.00196566 5.56351e-05  5.5862e-05 5.59396e-05 5.58169e-05 1.73619e-06
   0.748444  0.00119314   0.0439334    0.156674   0.0317689  0.00499493 0.000425327  0.00306047 0.000404215  0.00433885  0.00427962 0.000342747 0.000104708 2.14944e-05 4.79434e-06  8.5893e-06
   0.100763    0.209368     0.20947    0.209406    0.209413   0.0101165   0.0101102   0.0101215   0.0101161   0.0101128   0.0101139 0.000221225 0.000221636 0.000221264 0.000220999 4.24542e-06
6.91194e-07 0.000285262    0.188212    0.127622    0.652344  0.00226011   0.0101189  0.00328254   0.0101136  0.00226706  0.00328521 2.75403e-05 0.000140274  4.0459e-05 5.96172e-08  6.4574e-10
   0.864569   0.0325767   0.0325914   0.0326168   0.0325855 0.000832128 0.000833033 0.000834823 0.000831526  0.00083112 0.000831772 1.62912e-05 1.63929e-05 1.63872e-05 1.63379e-05 3.45592e-07
3.67059e-05    0.411128    0.501219   0.0019252   0.0123463   0.0139254   0.0220288 0.000178404   0.0220176   0.0139096 0.000248883  2.7013e-06  1.3657e-05 0.000560683 0.000459443 2.87354e-10
  0.0139218    0.349199   0.0983602    0.260615    0.263509  0.00306992  0.00172466  0.00207492  0.00308401  0.00173653  0.00265428 1.18632e-05 1.18681e-05 1.53456e-05 1.05625e-05  5.3845e-08
6.62824e-10    0.139246    0.015985    0.122589     0.72195 6.02699e-05 2.61616e-05 2.87506e-05 2.61695e-05 6.02668e-05 2.87445e-05  1.6669e-09 9.45642e-09 2.03467e-10  5.2691e-09  2.5982e-13
   0.337214    0.136918    0.137096    0.137021    0.137085   0.0182125   0.0182184   0.0182357   0.0182131   0.0182114   0.0182294  0.00130866   0.0013106  0.00130973  0.00130977 0.000107841
1.22774e-06    0.244683   0.0184465   0.0368884     0.67619  0.00571761  0.00130246  0.00481428  0.00130127   0.0057196  0.00481534 4.59032e-06 8.39062e-05  2.2791e-06 3.03203e-05  4.4812e-10
   0.993902  0.00152162  0.00152135    0.001521  0.00152134 2.12919e-06 2.20269e-06 2.13965e-06 2.15286e-06 2.14972e-06 2.13369e-06 2.83217e-09 2.85471e-09 2.81926e-09  2.9741e-09 4.00967e-12
   0.779628   0.0518342   0.0518898   0.0519791   0.0518654  0.00209758  0.00209507  0.00209606  0.00208981  0.00209152  0.00208802 6.06264e-05 6.08287e-05 6.09194e-05 6.08017e-05 1.94286e-06
   0.970918  0.00720535  0.00720273  0.00720414   0.0072024 4.44492e-05 4.45892e-05 4.43796e-05 4.44108e-05 4.44136e-05 4.45281e-05 2.41791e-07 2.40277e-07 2.39812e-07  2.4075e-07 1.37242e-09
1.68073e-08     0.15857    0.025015    0.247227    0.543425   0.0105391  0.00151305 0.000758686  0.00151234   0.0105415 0.000756839 3.58981e-05 7.88345e-05 3.66512e-06 2.29221e-05 1.86239e-12
  0.0381393    0.232555     0.23258    0.232557    0.232541  0.00523355  0.00523083  0.00523489  0.00523459  0.00523244  0.00522932 5.79324e-05 5.80809e-05 5.78333e-05 5.78557e-05 5.46138e-07
   0.981004  0.00472005   0.0047197  0.00471889  0.00471906  1.9475e-05  1.9619e-05 1.95272e-05  1.9661e-05 1.96143e-05  1.9685e-05 7.28163e-08 7.22309e-08 7.24477e-08 7.21026e-08 2.80273e-10
  0.0578419    0.224857    0.224898    0.224874    0.224846  0.00704445  0.00704056  0.00704595  0.00704561    0.007042  0.00704147 0.000105274 0.000105815 0.000105252 0.000105199 1.35711e-06
2.69277e-05    0.606821  0.00252619    0.241464    0.113987  0.00149849  0.00352495   0.0124284  0.00352392  0.00150014   0.0124418 6.43031e-05  3.0383e-05 6.92545e-07 0.000161645 4.35516e-09
2.13129e-07  0.00101422  0.00085042 0.000871953 0.000990308    0.259106    0.130986   0.0333053    0.128281    0.234959    0.208138 0.000350053 0.000397943 0.000341236 0.000409288 8.71109e-09
3.51231e-08   0.0862153    0.125628   0.0418686    0.726857  0.00244907  0.00308067  0.00414254  0.00308045  0.00245371  0.00414214 3.54715e-06 6.08384e-05 1.04867e-05 7.19463e-06 5.33254e-10
   0.784936   0.0506458   0.0507064    0.050813   0.0506806  0.00200365  0.00200017  0.00200165  0.00199456  0.00199632  0.00199275  5.6735e-05 5.69552e-05 5.70308e-05 5.69128e-05 1.78103e-06
1.85928e-07 0.000231569 1.16917e-05 0.000155239 0.000963553   0.0190862    0.388629  0.00505011    0.115186    0.401208   0.0687279 8.54154e-05 0.000531899 6.38576e-06 0.000127386 4.24213e-08
4.38581e-05    0.456518   0.0188118   0.0331171    0.396441   0.0125792 0.000136131   0.0339908 0.000110204   0.0126336   0.0339358 6.19646e-05 0.000737219 3.42006e-05 0.000849444 2.32531e-08
   0.998555 0.000360978 0.000361039 0.000361007  0.00036101 1.26585e-07 1.31392e-07 1.25069e-07 1.25287e-07 1.25466e-07 1.26643e-07 4.19681e-11 4.19881e-11 4.24087e-11 4.25362e-11 1.57162e-14
8.43521e-07 0.000130316 0.000965341  0.00181715  0.00147713  0.00795673   0.0222615    0.105505  0.00013118   0.0224635    0.834737 0.000316853 0.000213227  0.00147505 0.000548588 3.84181e-07
   0.696243   0.0699322    0.070002    0.070122     0.06995  0.00386326  0.00386644  0.00386549    0.003858  0.00385883  0.00385241 0.000144761 0.000145112 0.000145077 0.000145019 6.07267e-06
