   0.993642  0.00158728  0.00158715  0.00158719  0.00158725 1.60655e-06 1.60284e-06 1.59951e-06 1.60119e-06 1.60053e-06 1.60023e-06 1.19291e-09 1.19317e-09 1.19905e-09 1.19743e-09 9.46514e-13
5.36352e-06  0.00210097   0.0145178  0.00425464  0.00329838   0.0769337   0.0102135    0.710696   0.0325359  0.00486291    0.139594 0.000309402   0.0002564 0.000397435 2.35802e-05 1.64287e-08
   0.997045 0.000738089 0.000738062 0.000738079 0.000738137 4.02578e-07 4.02484e-07 3.99509e-07 3.99214e-07 3.99553e-07 4.03858e-07 1.73844e-10 1.73963e-10  1.7393e-10 1.74042e-10 7.93871e-14
6.63416e-09    0.731636   0.0649125   0.0366106     0.16637 0.000103843 4.68628e-05  8.4945e-05 4.71567e-05 0.000103404 8.45534e-05 2.39766e-09 8.56447e-09 3.59945e-09 3.56549e-08 5.25476e-14
8.09265e-06    0.353718    0.350997    0.145013    0.146748  0.00167725 7.90098e-05 1.23667e-07 7.89699e-05  0.00167757 2.68029e-08  2.9615e-07 3.00012e-07 7.16993e-07 7.22748e-07 6.11011e-13
   0.992723  0.00181619  0.00181617  0.00181615  0.00181624 2.03924e-06 2.03802e-06 2.03093e-06 2.03468e-06  2.0316e-06 2.03102e-06 1.65086e-09 1.65171e-09 1.66189e-09  1.6588e-09 1.43139e-12
 1.6191e-09 3.92909e-06 1.28813e-05 0.000304292 0.000354119   0.0318921    0.457971   0.0100425    0.143496    0.355031 0.000644423 0.000110347 0.000131756 4.43145e-06 1.61895e-06 1.73503e-10
   0.975998  0.00597716  0.00597852  0.00597768  0.00597753 1.51181e-05 1.51138e-05 1.50975e-05 1.51028e-05 1.51074e-05  1.5108e-05 2.29685e-08 2.29569e-08 2.29846e-08 2.29831e-08 3.75225e-11
6.95174e-05    0.248507    0.252376    0.249483    0.249474 1.49643e-05 1.50803e-05 1.50512e-05  1.4964e-05 1.50801e-05 1.49934e-05 4.93397e-10 5.00805e-10 4.95767e-10 4.94297e-10 1.31405e-14
   0.988587  0.00284634  0.00284656  0.00284643  0.00284666 4.44199e-06 4.43903e-06 4.43167e-06 4.43516e-06 4.43735e-06 4.43572e-06 4.70897e-09 4.69881e-09 4.72249e-09 4.71482e-09 5.34601e-12
   0.999117 0.000220715 0.000220712 0.000220711 0.000220716 4.25924e-08 4.48809e-08 4.16585e-08 4.10804e-08 4.23256e-08  4.1166e-08 7.12401e-12 7.92181e-12 6.81808e-12 7.44635e-12 1.43171e-15
   0.999675 8.13017e-05 8.12968e-05  8.1299e-05 8.12992e-05 5.97075e-09 7.33635e-09 5.95582e-09  5.9817e-09 5.94433e-09 6.04802e-09 4.04846e-13 4.57363e-13 4.06596e-13 4.84481e-13 3.53095e-17
   0.999958 1.04318e-05 1.04318e-05 1.04318e-05 1.04317e-05 1.04759e-10 1.41058e-10 1.12894e-10  1.0714e-10 1.15659e-10 1.29306e-10 1.11491e-15 1.58225e-15 1.39459e-15 1.23035e-15 1.89845e-20
   0.985119  0.00370952   0.0037099  0.00370962  0.00370982 6.94529e-06 6.93694e-06 6.93397e-06 6.93781e-06 6.93906e-06 6.93624e-06 8.47527e-09 8.46017e-09 8.47896e-09 8.47762e-09  1.1092e-11
   0.998773 0.000306732 0.000306719  0.00030672 0.000306723 7.90478e-08 8.00813e-08 7.68455e-08 7.82923e-08 7.76539e-08 7.74984e-08 1.71544e-11 1.73084e-11 1.69898e-11 1.69805e-11 3.99512e-15
   0.999999   1.643e-07   1.643e-07   1.643e-07   1.643e-07 5.86052e-14 4.39897e-14 7.53508e-14 4.24853e-14 2.78921e-14 3.99083e-14 5.19012e-21  7.6863e-21 2.19794e-20 4.45341e-21 1.79114e-27
   0.995211  0.00119588   0.0011957  0.00119574  0.00119577 9.67426e-07 9.64075e-07 9.64451e-07 9.64079e-07 9.63677e-07 9.69436e-07 5.94449e-10 5.94296e-10 5.94219e-10 5.94669e-10 3.88439e-13
   0.989131  0.00271091  0.00271106  0.00271101  0.00271116 4.08827e-06 4.08376e-06 4.07741e-06 4.08047e-06  4.0815e-06 4.08143e-06 4.21486e-09 4.20634e-09 4.23408e-09 4.22298e-09 4.65295e-12
   0.969926  0.00748549  0.00748673  0.00748639  0.00748661 2.15135e-05 2.15042e-05 2.14926e-05 2.15006e-05 2.15057e-05 2.15005e-05 3.56961e-08 3.56754e-08 3.56986e-08 3.57027e-08 6.35737e-11
1.07523e-05    0.281881     0.64572   0.0336993    0.037922 0.000194834  0.00014664 2.83485e-05 0.000200962  0.00014141 5.46361e-05 7.55279e-10 1.08038e-09 1.02296e-07 2.32656e-08 5.18659e-13
6.11334e-09    0.327556   0.0313917   0.0024314    0.638095 0.000101645 1.34912e-05 0.000147751 1.34948e-05 0.000101639 0.000147764 4.16572e-10 3.93829e-08 2.36358e-09 1.97853e-08 1.41535e-13
2.60899e-07    0.147846     0.67165 0.000178743    0.177831 0.000197691 0.000811704  0.00023644 0.000811709 0.000197709  0.00023654 2.03964e-10  1.9879e-07 7.51441e-07 1.65681e-07  2.8968e-16
 1.7241e-10    0.438895   0.0508091     0.46903   0.0412273 9.57553e-09 4.03934e-06 1.50859e-05 4.03938e-06 9.66005e-09  1.5086e-05 1.66877e-10 2.79182e-11 6.49981e-11 1.59248e-10 4.38843e-16
   0.945864   0.0134564   0.0134578    0.013456   0.0134568 5.13842e-05 5.13908e-05 5.13761e-05 5.13713e-05 5.13885e-05  5.1387e-05 1.02172e-07 1.02123e-07 1.02135e-07 1.02183e-07 2.15898e-10
   0.992034  0.00198779  0.00198781  0.00198776  0.00198788  2.3873e-06 2.38786e-06 2.38016e-06 2.38269e-06 2.38155e-06 2.38134e-06 2.04728e-09 2.04582e-09 2.05933e-09 2.05863e-09 1.87746e-12
   0.984133  0.00395488  0.00395547  0.00395514  0.00395531 7.72387e-06 7.71882e-06 7.71469e-06 7.71795e-06 7.72111e-06 7.71689e-06 9.73932e-09 9.72079e-09 9.72971e-09 9.73736e-09 1.31742e-11
 0.00205422    0.429069    0.188882    0.189222    0.189248 0.000310367 0.000197588 0.000310132 0.000310385 0.000197619 0.000197803 1.38648e-07 1.38603e-07 1.38634e-07 1.01584e-07 5.72883e-11
2.81128e-10   0.0517988  0.00624771     0.26584    0.676063 1.38163e-05 8.84481e-06 2.35199e-06 8.84501e-06 1.38162e-05 2.35204e-06 1.76186e-10 4.17235e-10 1.22006e-11 6.01799e-11 2.82315e-17
   0.987123  0.00321092  0.00321128  0.00321104   0.0032113 5.45236e-06 5.44475e-06 5.44117e-06 5.44407e-06 5.44603e-06 5.44255e-06 6.17432e-09 6.15881e-09 6.17878e-09 6.17201e-09 7.48634e-12
   0.999029 0.000242733 0.000242724 0.000242734 0.000242727 5.07535e-08 5.32397e-08 4.97196e-08  4.9378e-08 5.03191e-08 4.93288e-08 9.19725e-12 9.87427e-12 8.90993e-12 9.51871e-12 1.95323e-15
   0.970176  0.00742322  0.00742455  0.00742432  0.00742447 2.12374e-05 2.12281e-05 2.12168e-05 2.12251e-05 2.12303e-05 2.12243e-05 3.51307e-08 3.51092e-08 3.51307e-08 3.51367e-08 6.23803e-11
   0.999142 0.000214452 0.000214448 0.000214447 0.000214452  3.9687e-08 4.29588e-08 3.95359e-08 3.88418e-08 3.99939e-08 3.90514e-08 6.51353e-12 7.25166e-12 6.24476e-12 6.86355e-12 1.24669e-15
9.73527e-11 9.27377e-07 1.71268e-05 5.81719e-07 5.82799e-06   0.0304276     0.20119    0.112228  0.00209133    0.144509    0.509514 3.57618e-07 3.59233e-06 1.05599e-05 5.71716e-07 3.15236e-10
   0.999375 0.000156173 0.000156171 0.000156171 0.000156173 2.14233e-08 2.54858e-08 2.11488e-08 2.11775e-08 2.15961e-08 2.11673e-08 2.58166e-12 3.11284e-12 2.57865e-12  3.1564e-12 4.10339e-16
   0.996702 0.000823675  0.00082365 0.000823658 0.000823708 4.91134e-07 4.88875e-07 4.89625e-07 4.88891e-07 4.89612e-07 4.95471e-07 2.30892e-10 2.31014e-10 2.31266e-10 2.31012e-10 1.14914e-13
1.35907e-05    0.246772    0.255357    0.248918     0.24892 3.15513e-06 3.20967e-06  3.1959e-06 3.15516e-06 3.20969e-06 3.16882e-06 2.25725e-11   2.284e-11 2.23274e-11 2.25787e-11 1.34948e-16
9.44444e-06    0.249304    0.251145    0.249764    0.249764 2.23135e-06 2.23959e-06 2.23753e-06 2.23136e-06 2.23958e-06 2.23341e-06 1.11296e-11 1.11709e-11 1.11993e-11 1.11499e-11 5.22482e-17
    0.96205   0.0094404  0.00944234  0.00944136  0.00944161 3.06245e-05 3.06251e-05 3.06108e-05 3.06133e-05 3.06239e-05 3.06199e-05 5.50515e-08 5.50217e-08 5.50355e-08 5.50647e-08 1.05874e-10
   0.999808 4.79328e-05  4.7932e-05  4.7932e-05 4.79336e-05 2.13451e-09  2.3513e-09 2.13483e-09 2.12235e-09 2.12513e-09 2.13059e-09 8.99862e-14 8.88285e-14 8.94299e-14  9.0524e-14 4.62069e-18
   0.999928 1.78994e-05 1.78995e-05 1.78994e-05 1.78994e-05 3.12231e-10 3.45597e-10 3.05546e-10  3.0568e-10 3.23703e-10 3.09326e-10 5.10078e-15 5.03376e-15 5.07627e-15 5.00214e-15 1.17405e-19
4.35673e-06    0.225535    0.696238   0.0562148   0.0197147 0.000582596 0.000409809 0.000148474 0.000435097 0.000553273 0.000163876 4.61112e-08 1.43645e-08 6.99718e-07 2.01337e-07 3.35222e-13
  0.0434524    0.234861    0.245904    0.234688    0.234375  0.00110583   0.0011314  0.00113207  0.00110511  0.00113082  0.00110487 2.14032e-06 2.14028e-06 2.10653e-06 2.13881e-06 3.88102e-09
   0.984241    0.003928  0.00392855  0.00392825  0.00392843 7.63724e-06 7.63205e-06 7.62808e-06  7.6312e-06 7.63398e-06 7.62996e-06 9.59742e-09 9.57947e-09   9.588e-09 9.59502e-09 1.29379e-11
 0.00101357    0.245844    0.255897     0.24821    0.248127 0.000149795 0.000152824 0.000152109 0.000149767 0.000152803 0.000150486 4.67603e-08 4.67737e-08 4.63127e-08 4.71984e-08 1.22001e-11
   0.997775 0.000555813 0.000555804 0.000555819 0.000555848 2.37273e-07 2.39632e-07 2.36291e-07 2.37266e-07 2.35648e-07 2.40715e-07 8.28676e-11 8.25607e-11 8.27463e-11 8.29018e-11 3.07886e-14
   0.997288 0.000677467 0.000677463 0.000677466 0.000677515 3.44232e-07 3.42745e-07 3.41183e-07 3.40755e-07 3.40748e-07 3.43441e-07 1.39262e-10 1.39013e-10 1.39104e-10 1.39213e-10 5.96513e-14
 0.00767555    0.255647    0.232736    0.250318    0.250216  0.00058083 0.000554412 0.000560403 0.000580683 0.000554329 0.000574622 5.91345e-07 5.91066e-07 6.05304e-07 5.87053e-07 5.61764e-10
   0.957984   0.0104492   0.0104513   0.0104506   0.0104511 3.56183e-05 3.56212e-05 3.56072e-05 3.56078e-05 3.56225e-05 3.56179e-05 6.60845e-08 6.60435e-08 6.60465e-08 6.60923e-08 1.30942e-10
9.93216e-08 0.000191496  0.00022268 0.000199516 0.000199447    0.147708    0.185605    0.175122    0.147628    0.185521    0.157177 0.000108426 0.000108463 9.67358e-05 0.000112791 3.33342e-08
1.32265e-07 0.000694968  0.00223104     0.54923    0.445688 0.000551631 0.000519752 5.89641e-06 0.000519728 0.000551613 5.93922e-06  4.7236e-07 3.83381e-07 2.38493e-09 7.14906e-10 1.18599e-15
   0.953992   0.0114394   0.0114417   0.0114412   0.0114416 4.06809e-05 4.06826e-05 4.06696e-05 4.06699e-05 4.06865e-05 4.06808e-05 7.74868e-08 7.74398e-08 7.74471e-08 7.74941e-08 1.57365e-10
3.07801e-08    0.232231    0.702122   0.0304986   0.0347264 9.08267e-05 9.27087e-05   2.671e-05 9.40984e-05 8.94568e-05 2.74561e-05 1.13603e-09 1.31708e-09 2.80561e-08  9.3236e-09 1.03964e-13
3.06481e-11   0.0514009   0.0111404    0.689205    0.247927 5.95943e-05 8.59263e-05 1.80696e-05 8.59229e-05 5.95884e-05 1.80776e-05 1.66259e-08 6.05269e-09 3.24547e-10 1.25023e-09 4.20254e-14
   0.129323    0.215657    0.215669    0.215664    0.215667  0.00133455   0.0013345  0.00133491  0.00133462  0.00133474  0.00133482 3.11557e-06 3.11444e-06 3.11506e-06 3.11473e-06 7.08397e-09
2.57097e-08    0.545988   0.0265341    0.122878    0.303885 5.39582e-05 1.26128e-05 0.000290759 1.25951e-05 5.39295e-05 0.000290762 1.37637e-08 3.32572e-08 4.10005e-09 5.94812e-08  4.6541e-14
   0.978205  0.00542926  0.00542976  0.00542924   0.0054294 1.29644e-05 1.29562e-05 1.29471e-05 1.29504e-05 1.29539e-05 1.29546e-05 1.89113e-08 1.88994e-08 1.89323e-08 1.89235e-08 2.96621e-11
   0.997446 0.000638122 0.000638099 0.000638119 0.000638157 3.09167e-07 3.08792e-07  3.0533e-07 3.04933e-07 3.04685e-07 3.08771e-07   1.194e-10 1.19191e-10 1.18979e-10 1.19064e-10 4.90047e-14
   0.999151 0.000212123 0.000212121 0.000212121 0.000212124 3.88543e-08 4.25609e-08 3.87463e-08 3.80326e-08 3.94297e-08 3.82379e-08 6.38991e-12 7.12862e-12  6.0602e-12 6.80939e-12 1.23175e-15
   0.999977 5.63342e-06 5.63342e-06 5.63348e-06 5.63342e-06 3.51038e-11  3.9854e-11 3.14291e-11 3.13241e-11 3.19813e-11 5.01263e-11 1.68114e-16 1.66573e-16 2.00498e-16 2.98293e-16 1.47455e-21
   0.997885  0.00052842  0.00052842  0.00052842 0.000528449  2.1655e-07 2.19019e-07 2.14638e-07 2.16934e-07 2.14465e-07 2.18348e-07 7.23503e-11 7.23436e-11 7.23101e-11 7.24153e-11 2.57523e-14
  0.0208326    0.243452    0.243466    0.243459    0.243462 0.000887142  0.00088721  0.00088733 0.000887125 0.000887307  0.00088739 1.37687e-06 1.37577e-06 1.37582e-06 1.37623e-06 1.99706e-09
   0.994325  0.00141696  0.00141677  0.00141682  0.00141687 1.31245e-06 1.30896e-06 1.30667e-06 1.30726e-06 1.30685e-06 1.30669e-06 9.04476e-10 9.03816e-10 9.09096e-10 9.06934e-10 6.63816e-13
 0.00229325    0.253005    0.249355    0.247385     0.24632 0.000274938 0.000272919 0.000276018  0.00027435 0.000272351 0.000271279 1.47574e-07 1.47732e-07 1.47131e-07 1.46556e-07 6.87289e-11
1.83604e-10     0.12604    0.422029    0.359027   0.0927643 6.35397e-05 1.78553e-07  6.0579e-06 1.77852e-07 6.35381e-05 6.05723e-06 1.76812e-09 4.33974e-10 2.10345e-09 5.89264e-10 9.78637e-15
   0.969203  0.00766478  0.00766648   0.0076659  0.00766613  2.2315e-05  2.2307e-05 2.22933e-05 2.23019e-05 2.23074e-05 2.23012e-05 3.73481e-08  3.7326e-08 3.73432e-08 3.73543e-08 6.70801e-11
   0.987721   0.0030621  0.00306243  0.00306222  0.00306251 5.03214e-06 5.02616e-06 5.01949e-06 5.02289e-06 5.02567e-06 5.02273e-06 5.55283e-09 5.53968e-09 5.56147e-09 5.55398e-09 6.56446e-12
   0.989108  0.00271678  0.00271692  0.00271688  0.00271703 4.10363e-06 4.09889e-06 4.09266e-06 4.09581e-06 4.09663e-06 4.09655e-06 4.23564e-09  4.2271e-09 4.25528e-09 4.24368e-09 4.68148e-12
   0.989567  0.00260233   0.0026025  0.00260245  0.00260264 3.81228e-06 3.80631e-06 3.80048e-06 3.80511e-06  3.8051e-06 3.80379e-06 3.83883e-09 3.83123e-09 3.85757e-09 3.84525e-09    4.14e-12
1.00334e-10   0.0224545  0.00260769    0.626246    0.348635 1.17169e-05 1.56022e-05 1.14918e-06 1.56026e-05  1.1717e-05 1.14931e-06 5.04372e-10 2.89513e-10 6.98744e-11 2.35413e-11  6.4083e-16
   0.979613  0.00507896  0.00507976  0.00507918  0.00507931 1.16423e-05 1.16378e-05 1.16272e-05 1.16286e-05 1.16342e-05 1.16345e-05 1.64984e-08  1.6483e-08 1.65049e-08 1.65052e-08 2.51263e-11
   0.970847  0.00725645  0.00725819  0.00725773  0.00725783 2.05025e-05 2.04947e-05 2.04824e-05 2.04903e-05 2.04962e-05 2.04899e-05 3.36313e-08 3.36087e-08 3.36248e-08 3.36376e-08 5.92264e-11
   0.952069   0.0119162   0.0119187    0.011918   0.0119184 4.31669e-05 4.31701e-05 4.31562e-05 4.31563e-05 4.31732e-05 4.31677e-05 8.31577e-08 8.31087e-08 8.31147e-08 8.31669e-08 1.70672e-10
   0.996589 0.000852077 0.000852029 0.000852045 0.000852093 5.21308e-07 5.19831e-07 5.21818e-07  5.2003e-07 5.20496e-07 5.27036e-07 2.52415e-10 2.52885e-10 2.53239e-10 2.52325e-10 1.30005e-13
    0.99539  0.00115133  0.00115111  0.00115118  0.00115122 9.04866e-07 9.00077e-07 9.00772e-07 9.00129e-07 8.99643e-07 9.06626e-07  5.4075e-10 5.40458e-10 5.40287e-10   5.411e-10 3.44205e-13
1.68941e-10    0.168625   0.0181877    0.720982   0.0921763 2.70561e-06 7.17902e-06 4.18772e-06 7.17908e-06  2.7057e-06 4.18787e-06 1.46142e-10 2.70714e-11  1.4358e-11 3.87451e-11 1.07615e-17
0.000887887    0.245829    0.255838    0.248312    0.248313 0.000135209 0.000137932 0.000137255 0.000135207 0.000137935 0.000135887 3.83385e-08 3.83234e-08  3.7941e-08 3.85577e-08 9.04214e-12
   0.999654 8.64575e-05 8.64556e-05 8.64561e-05  8.6457e-05 6.73473e-09 8.69224e-09 6.70862e-09 6.73599e-09 6.71944e-09  6.8099e-09 4.80716e-13 5.57428e-13 4.85768e-13 6.28588e-13 4.69613e-17
9.00986e-11    0.378766   0.0406722  0.00329099    0.577234 5.66131e-06  3.7869e-07 1.21362e-05 3.78583e-07 5.66119e-06 1.21365e-05 5.59966e-12 1.85166e-10  1.7856e-11 1.59581e-10 6.38324e-16
   0.988095  0.00296894  0.00296928  0.00296908  0.00296939 4.77326e-06 4.76818e-06 4.76255e-06 4.76566e-06 4.76941e-06 4.76532e-06 5.18195e-09 5.16802e-09 5.18599e-09 5.18123e-09 6.02139e-12
2.24688e-08  0.00140864 0.000323234 0.000415576  0.00123376  0.00347636    0.104368   0.0839955    0.136216   0.0723689    0.595739 5.59166e-05 0.000165898 4.34659e-05 0.000189453 1.03107e-09
   0.971993  0.00697174  0.00697347  0.00697285  0.00697281 1.92626e-05  1.9258e-05 1.92444e-05 1.92519e-05 1.92565e-05 1.92514e-05 3.11238e-08 3.11047e-08 3.11215e-08 3.11332e-08 5.40094e-11
   0.977858  0.00551525  0.00551591   0.0055153  0.00551538 1.32949e-05   1.329e-05 1.32776e-05 1.32813e-05 1.32844e-05  1.3287e-05 1.95252e-08  1.9515e-08 1.95488e-08 1.95417e-08 3.08344e-11
   0.999757 6.07116e-05 6.07083e-05 6.07092e-05   6.071e-05 3.37647e-09 4.55467e-09 3.40358e-09 3.44857e-09 3.36623e-09 3.39048e-09 1.89383e-13 1.97377e-13 1.81369e-13 2.08001e-13  1.2335e-17
1.60565e-10 1.10961e-06 3.98011e-07  1.0796e-06 5.47919e-07       0.207  0.00622739    0.236036   0.0405269    0.214048    0.296157 8.39542e-07 3.18733e-07 3.32427e-07 6.81136e-07 1.37744e-12
1.70532e-09    0.226383    0.707853   0.0316619   0.0339307 3.66872e-05 3.77822e-05 1.14714e-05 3.73938e-05 3.70734e-05 1.12588e-05 2.50602e-10 2.55521e-10 4.90342e-09 1.63147e-09  2.5749e-14
   0.991087  0.00222376  0.00222392  0.00222377   0.0022239 2.90172e-06 2.90403e-06 2.89411e-06 2.89973e-06 2.89754e-06 2.89687e-06 2.66609e-09 2.66466e-09 2.67911e-09 2.67643e-09 2.62532e-12
   0.999127 0.000218148 0.000218144 0.000218141  0.00021815 4.14317e-08 4.40957e-08 4.06402e-08 4.01366e-08 4.15171e-08 4.02705e-08 6.83679e-12  7.6006e-12 6.56681e-12 7.26387e-12 1.34847e-15
 0.00634947    0.264012     0.22197    0.252176    0.252414 0.000534629 0.000490729 0.000502538 0.000534841 0.000490988 0.000522726 4.86938e-07 4.86408e-07 5.07023e-07 4.79227e-07 4.20464e-10
   0.978277   0.0054113  0.00541187  0.00541133  0.00541147 1.28962e-05 1.28877e-05 1.28784e-05 1.28818e-05 1.28853e-05 1.28861e-05 1.87847e-08 1.87725e-08 1.88049e-08 1.87959e-08 2.94208e-11
0.000284512    0.248669    0.251801     0.24947    0.249455 5.32403e-05 5.35717e-05 5.34902e-05 5.32383e-05 5.35717e-05 5.33246e-05 6.16711e-09 6.07892e-09 6.07662e-09 6.06713e-09 5.70754e-13
   0.995871  0.00103131  0.00103121  0.00103123  0.00103127 7.39327e-07 7.36297e-07  7.3833e-07 7.37121e-07 7.37316e-07 7.44691e-07  4.0996e-10 4.10437e-10 4.10505e-10  4.1046e-10 2.42061e-13
   0.994419  0.00139348  0.00139325   0.0013933  0.00139336 1.27265e-06 1.27004e-06 1.26775e-06 1.26885e-06 1.26821e-06 1.26822e-06 8.67772e-10 8.67476e-10 8.71392e-10 8.69948e-10 6.30422e-13
2.98307e-08    0.255029    0.689871   0.0350235   0.0191676 0.000217846  0.00018827 4.82039e-05 0.000188264 0.000217842 4.82085e-05 6.03238e-09 3.33367e-09 1.19173e-07 4.44118e-08 3.24733e-14
  4.046e-09    0.422709   0.0404663   0.0171008    0.519198 7.08782e-05 1.30641e-06  0.00019039 1.30975e-06 7.08718e-05 0.000190393 1.36767e-09 3.21208e-08 2.95682e-09 2.54776e-08 1.14318e-13
 0.00636673    0.198391    0.338863    0.226985    0.226314 0.000443385 0.000584295 0.000550629 0.000442681 0.000583539 0.000472978 5.03879e-07 5.03973e-07 4.35427e-07 5.24605e-07 4.24627e-10
   0.986157  0.00345123  0.00345156   0.0034513  0.00345165 6.15847e-06 6.14661e-06 6.14468e-06  6.1496e-06 6.14974e-06 6.14615e-06 7.23957e-09 7.22394e-09 7.24664e-09 7.23786e-09 9.12175e-12
 7.3956e-11 9.39058e-06 4.42592e-08 3.75155e-05 1.29957e-05    0.166436   0.0881843   0.0179182    0.613286   0.0164247   0.0976485 2.76656e-05 8.25955e-06 9.95829e-08 5.86678e-06 3.67542e-11
   0.953741   0.0115015   0.0115038   0.0115033   0.0115037 4.10032e-05 4.10049e-05 4.09917e-05 4.09921e-05 4.10086e-05 4.10029e-05 7.82189e-08 7.81719e-08 7.81789e-08 7.82263e-08 1.59079e-10
   0.948606   0.0127771   0.0127779   0.0127761   0.0127765 4.77188e-05 4.77258e-05  4.7714e-05 4.77068e-05 4.77225e-05 4.77215e-05 9.36445e-08 9.36016e-08 9.36136e-08 9.36584e-08 1.95499e-10
0.000135356  0.00165908  0.00813931  0.00931383   0.0174727  0.00982606    0.174632 0.000278146    0.115566    0.336944    0.323672 0.000447535 0.000146273  0.00051792   0.0012484 1.43902e-06
   0.991977  0.00200209  0.00200213  0.00200209  0.00200222 2.41824e-06 2.41846e-06 2.40964e-06 2.41362e-06 2.41161e-06  2.4111e-06 2.08213e-09 2.08178e-09 2.09548e-09 2.09345e-09 1.92106e-12
8.50516e-06     0.37978    0.413128   0.0935232    0.110447 0.000150385  0.00140412 1.10078e-06  0.00140428 0.000150458 1.22725e-06 1.55198e-07 1.82927e-07 6.84052e-07 6.29269e-07 6.81851e-14
  2.841e-12 1.46824e-05 1.40498e-07 1.36252e-05 2.65519e-07  0.00186514   0.0459483  0.00975488    0.462733  0.00395976    0.475692 8.97449e-06 1.75153e-07 9.25491e-08 9.67158e-06 9.65497e-11
4.89817e-09    0.234343     0.70121   0.0297804   0.0344445  4.7706e-05 4.88994e-05 1.38094e-05 4.96161e-05 4.70032e-05 1.41932e-05 4.19827e-10 4.51409e-10 8.20866e-09 3.19526e-09   9.026e-14
1.74882e-06    0.128799    0.668665     0.19923 0.000162472  0.00102096 0.000217301 0.000331639 0.000217198  0.00102115  0.00033177 3.35226e-07 2.84487e-10 1.12519e-06 2.17521e-07 4.32339e-14
5.32616e-10        0.25        0.25        0.25        0.25 1.33108e-10 1.33108e-10 1.33108e-10 1.33108e-10 1.33108e-10 1.33108e-10 3.98622e-20 3.98622e-20 3.98623e-20 3.98622e-20 1.43159e-29
1.50541e-09    0.456684   0.0242192   0.0150673    0.502157 0.000286807 1.02947e-06 0.000648059 1.01965e-06 0.000286739 0.000648051 1.03284e-08 3.34727e-07 1.90895e-08 3.03698e-07  9.7119e-14
   0.982916  0.00425773  0.00425834  0.00425801    0.004258 8.72545e-06 8.72249e-06  8.7158e-06 8.71804e-06 8.72257e-06 8.71904e-06 1.14024e-08 1.13862e-08 1.13968e-08 1.14046e-08 1.60034e-11
   0.988195  0.00294396  0.00294432  0.00294409  0.00294435  4.7047e-06 4.70004e-06 4.69428e-06  4.6975e-06 4.70063e-06 4.69733e-06 5.08317e-09 5.07054e-09 5.08891e-09 5.08432e-09  5.8794e-12
1.21215e-09    0.117911   0.0106739    0.713083    0.158205 1.59617e-05 3.49181e-05 1.26851e-05 3.49188e-05 1.59611e-05 1.26869e-05 2.77939e-09 6.48303e-10  2.2324e-10 4.54663e-10 3.02864e-15
 0.00347039    0.246923    0.251689    0.247907    0.247856 0.000357394 0.000360787 0.000360106 0.000357339 0.000360771 0.000358072 2.48433e-07 2.48368e-07 2.47067e-07 2.48748e-07 1.51014e-10
   0.958214   0.0103921   0.0103942   0.0103933   0.0103938 3.53305e-05 3.53342e-05 3.53193e-05 3.53199e-05 3.53337e-05 3.53301e-05 6.54415e-08 6.54024e-08  6.5406e-08 6.54512e-08 1.29466e-10
   0.993902  0.00152232  0.00152216  0.00152219  0.00152225 1.49107e-06 1.48844e-06 1.48474e-06 1.48665e-06 1.48553e-06 1.48531e-06 1.07739e-09 1.07766e-09 1.08394e-09 1.08195e-09 8.31723e-13
1.01493e-06    0.309012    0.650343   0.0223204   0.0175383 0.000195428 0.000169582 2.46573e-05 0.000186129 0.000178456  3.1216e-05 1.81416e-09 1.39206e-09  9.1811e-08 3.68201e-08 4.96267e-14
   0.975274   0.0061569  0.00615861   0.0061576  0.00615752 1.58455e-05 1.58414e-05 1.58251e-05 1.58309e-05 1.58359e-05 1.58347e-05 2.43706e-08 2.43575e-08 2.43807e-08 2.43841e-08  4.0299e-11
1.02287e-10 2.76369e-06 2.99815e-05 1.61423e-05 4.19444e-08   0.0185714    0.022182   0.0635331    0.148208    0.613906    0.133517 1.11857e-05 2.92275e-08 2.07749e-05   1.915e-06 3.71947e-12
4.44997e-10    0.173912    0.322701    0.326341    0.176818 0.000111382 1.32362e-09 2.60499e-06 1.60003e-09 0.000111445 2.59289e-06 4.12589e-09 2.28258e-09   4.023e-09 2.80833e-09  1.8309e-14
5.23894e-11    0.169126   0.0183136    0.720596   0.0913927 5.47177e-05 0.000145468 8.53548e-05 0.000145449 5.47069e-05  8.5369e-05  5.1125e-08 6.47246e-09 1.45212e-09  1.2234e-08 1.80703e-14
3.89585e-15 3.74978e-10 1.36764e-09 2.48752e-08 1.27984e-08    0.315301    0.264282  0.00604927     0.38156   0.0325669 0.000240847 1.58839e-08 2.06116e-08 3.42405e-11 2.52351e-09 6.32719e-16
 0.00622541    0.945358   0.0169001   0.0143678   0.0142784 0.000903812 4.80688e-05 0.000920616 0.000903201 4.79439e-05 4.41555e-05 6.71477e-07  6.7119e-07 6.59686e-07 6.25991e-08 5.60932e-10
   0.992421   0.0018915  0.00189148  0.00189147  0.00189158 2.18961e-06 2.18888e-06 2.18142e-06  2.1839e-06  2.1825e-06 2.18205e-06 1.81929e-09 1.81921e-09 1.83136e-09  1.8291e-09 1.61852e-12
3.14561e-12 5.57256e-07 3.51479e-07  1.2938e-07   2.728e-06   0.0396601     0.26059    0.196974  0.00842829    0.472077    0.022264 9.82272e-08 2.44175e-06 2.81834e-07 4.54541e-07 1.30292e-12
   0.327988     0.23067    0.087534    0.174929    0.171645   0.0014763 0.000950392  0.00111469  0.00146387 0.000940433  0.00127522 3.03828e-06 3.05629e-06 3.65658e-06  2.7462e-06 7.97634e-09
1.89686e-06 0.000144048 2.81694e-05    0.509666    0.487079 0.000761263 0.000777685 4.53331e-07 0.000777853 0.000761246 4.16276e-07 8.29077e-07 7.92183e-07 1.06604e-09 4.56903e-10 1.79429e-14
3.15541e-07 0.000899355    0.522222  0.00444785    0.470529 1.30672e-06 0.000409609 0.000539334 0.000409604 1.29507e-06 0.000539305 3.21442e-09 3.22065e-07 3.59668e-07 9.38597e-10 2.80087e-14
3.78741e-06  0.00146629  0.00133951  0.00132438  0.00133777    0.176368    0.153662    0.176917     0.17895    0.156075    0.151183  0.00035387 0.000350399 0.000349946 0.000318923 3.79489e-07
3.21168e-09 0.000642703 1.75483e-06    0.517821    0.481255 6.74496e-05 7.23377e-05 9.74038e-08 7.23357e-05 6.74439e-05 1.08024e-07 9.21426e-09  8.5637e-09  8.4307e-11 5.47003e-11 5.16316e-15
   0.999743 6.43212e-05 6.43199e-05 6.43205e-05 6.43212e-05 3.79417e-09 4.81821e-09 3.77175e-09 3.83128e-09  3.7845e-09  3.8283e-09 2.17428e-13 2.28379e-13 2.11054e-13 2.37768e-13 1.48268e-17
   0.997034 0.000740838 0.000740816 0.000740833 0.000740895 4.05402e-07 4.05271e-07 4.02253e-07 4.02014e-07 4.02285e-07  4.0684e-07 1.75525e-10 1.75658e-10 1.75606e-10 1.75712e-10  8.0385e-14
 6.4906e-05    0.216658     0.72469   0.0341985   0.0217092  0.00056629 0.000595936 0.000200021 0.000502683 0.000665036 0.000147829  7.2543e-08 5.15762e-08 8.05294e-07 3.43345e-07  4.3833e-12
   0.968075  0.00794478  0.00794653    0.007946  0.00794621 2.35804e-05 2.35727e-05 2.35594e-05 2.35676e-05 2.35739e-05 2.35677e-05 3.99805e-08 3.99563e-08 3.99736e-08 3.99864e-08 7.27107e-11
1.27618e-09 5.26693e-07 4.54223e-05 4.18451e-05 3.80461e-05    0.273021    0.255958   0.0129634    0.230266   0.0723228    0.155273 6.17203e-06 4.89389e-05 7.22306e-06 8.48513e-06 3.62093e-10
    0.99987 3.24541e-05 3.24528e-05 3.24533e-05 3.24546e-05 1.00455e-09 1.09439e-09 9.87379e-10 9.88738e-10 1.00059e-09  1.1559e-09 2.84817e-14 2.86652e-14 3.10807e-14 3.42213e-14 9.76259e-19
5.28679e-12 2.66171e-07 3.27961e-06 5.26411e-06 7.43925e-09    0.428391  0.00468618    0.549824  0.00549758   0.0115451 4.10213e-05  4.2172e-06 2.91664e-09 2.77012e-06 2.41647e-07 1.36356e-12
          1 4.22959e-08 4.22959e-08 4.22959e-08 4.22959e-08 2.23189e-15 1.80317e-15 1.87029e-15 2.19829e-15 1.86988e-15   7.906e-15 9.51791e-23 1.07382e-22  5.4042e-22 2.21195e-22 4.29862e-29
   0.997667 0.000582755 0.000582732  0.00058275 0.000582797 2.59398e-07 2.61513e-07 2.58079e-07 2.57835e-07 2.57308e-07 2.60503e-07 9.40539e-11 9.35607e-11 9.36926e-11 9.37437e-11 3.60456e-14
   0.977335  0.00564522  0.00564634  0.00564552  0.00564544 1.38005e-05 1.37966e-05 1.37822e-05  1.3787e-05 1.37907e-05 1.37925e-05 2.04711e-08 2.04608e-08 2.04915e-08 2.04876e-08 3.26558e-11
   0.991038  0.00223592  0.00223612  0.00223593  0.00223608 2.92999e-06  2.9306e-06 2.92173e-06 2.92821e-06 2.92522e-06  2.9241e-06 2.70054e-09 2.69842e-09 2.71374e-09  2.7097e-09   2.667e-12
   0.979654  0.00506875  0.00506954  0.00506897  0.00506914 1.16048e-05 1.15997e-05 1.15893e-05 1.15912e-05 1.15964e-05 1.15963e-05 1.64298e-08 1.64147e-08 1.64364e-08 1.64362e-08 2.50001e-11
   0.984616   0.0038348  0.00383524  0.00383501   0.0038352 7.33914e-06 7.33175e-06 7.32944e-06 7.33253e-06 7.33509e-06 7.33118e-06   9.112e-09 9.09389e-09 9.10535e-09 9.10982e-09 1.21302e-11
   0.979783  0.00503661  0.00503747  0.00503684  0.00503704 1.14854e-05  1.1481e-05 1.14703e-05 1.14724e-05 1.14777e-05 1.14773e-05 1.62152e-08    1.62e-08 1.62209e-08 1.62223e-08 2.46045e-11
5.86062e-11    0.252008    0.692633   0.0277374   0.0276048 3.78673e-06 3.75451e-06 9.23981e-07 3.78225e-06 3.75906e-06 9.37761e-07 1.89883e-12 1.97023e-12 4.93793e-11 1.96808e-11 3.51317e-20
   0.999501 0.000124608 0.000124608 0.000124607 0.000124607 1.36936e-08  1.6475e-08 1.36839e-08 1.36576e-08 1.36402e-08 1.38671e-08 1.35691e-12 1.61488e-12  1.3671e-12 1.66827e-12  1.7742e-16
1.17187e-08    0.127127   0.0224953    0.120341    0.728295  0.00043133 0.000215188  0.00022367 0.000215208 0.000431302 0.000223662 7.01207e-08 4.24371e-07 1.54677e-08  7.3811e-08 5.26792e-15
   0.994158  0.00145841  0.00145824  0.00145828  0.00145833 1.38318e-06 1.37741e-06 1.37546e-06 1.37703e-06 1.37602e-06 1.37566e-06 9.70271e-10 9.70314e-10 9.77031e-10 9.72941e-10 7.27686e-13
2.61179e-06    0.358007   0.0786988   0.0207764    0.539808 0.000279882 2.52512e-05  0.00104768 2.52526e-05 0.000279785  0.00104765 2.72361e-08 6.99697e-07 1.05689e-07 4.63367e-07 1.57414e-13
   0.979728  0.00505023  0.00505107  0.00505048  0.00505066  1.1536e-05 1.15313e-05 1.15207e-05 1.15228e-05 1.15282e-05 1.15275e-05 1.63063e-08 1.62908e-08 1.63116e-08 1.63123e-08  2.4773e-11
   0.989741  0.00255901  0.00255918  0.00255915  0.00255937 3.70444e-06  3.6971e-06 3.69194e-06 3.69761e-06 3.69716e-06 3.69454e-06 3.69376e-09 3.68647e-09 3.71169e-09 3.69853e-09 3.94562e-12
0.000125142     0.24218    0.262903    0.247324    0.247313 2.52474e-05 2.63104e-05 2.60415e-05 2.52472e-05   2.631e-05 2.55131e-05 1.44357e-09 1.44348e-09 1.41552e-09 1.45192e-09 6.51328e-14
   0.943796   0.0139686   0.0139708   0.0139686   0.0139701 5.41784e-05 5.41883e-05 5.41698e-05 5.41669e-05 5.41863e-05 5.41846e-05 1.08726e-07 1.08667e-07 1.08671e-07 1.08735e-07 2.31676e-10
   0.997815 0.000545837 0.000545833 0.000545839 0.000545861 2.29606e-07 2.33022e-07 2.27996e-07 2.29213e-07 2.27821e-07 2.32214e-07 7.89077e-11 7.88604e-11 7.88396e-11 7.88808e-11 2.88978e-14
   0.014451     0.29541    0.154821     0.26464    0.266089 0.000879296 0.000648417 0.000690465 0.000881591 0.000650467 0.000834181 1.01197e-06 1.00924e-06 1.18547e-06 9.71616e-07 1.32326e-09
3.77445e-05    0.264558    0.653144   0.0391445   0.0416519 0.000369599 0.000271098 6.28046e-05 0.000376097 0.000265622 0.000117776 3.33027e-09 3.82983e-09 3.50975e-07 6.92356e-08 3.35802e-12
2.66872e-11 8.13131e-06  2.1133e-06 3.02282e-08  3.3198e-07  0.00266689   0.0477759   0.0203166    0.676635    0.201655   0.0509314 6.38156e-07 1.95091e-07 5.03074e-06 2.48897e-06 1.12568e-11
    0.98703   0.0032341  0.00323441  0.00323423  0.00323451 5.51883e-06 5.51125e-06 5.50826e-06 5.51037e-06  5.5132e-06 5.50931e-06 6.27534e-09 6.25825e-09 6.27793e-09 6.27127e-09 7.63694e-12
   0.985028  0.00373218  0.00373255  0.00373235  0.00373249 7.01569e-06 7.00789e-06 7.00547e-06  7.0085e-06 7.01002e-06 7.00702e-06  8.5893e-09 8.57361e-09  8.5902e-09 8.59029e-09 1.12753e-11
0.000317269    0.871932   0.0504002   0.0376446   0.0381974 0.000393562 0.000125456 0.000361799 0.000392094 0.000126298 0.000108573 1.08281e-07 1.09031e-07  1.2108e-07 1.52637e-07 2.79405e-11
    0.99156  0.00210602  0.00210597  0.00210593  0.00210603 2.64006e-06 2.64073e-06 2.63199e-06 2.63685e-06 2.63491e-06 2.63391e-06 2.34567e-09 2.34607e-09 2.35905e-09 2.35573e-09 2.23618e-12
4.00983e-10    0.176994   0.0168502   0.0877889    0.717031  0.00034368 0.000121359 0.000202639 0.000121364 0.000343678 0.000202681  3.1435e-08 2.55928e-07 7.88562e-09 6.28539e-08 4.86354e-14
   0.983819  0.00403289  0.00403358  0.00403312  0.00403336 7.97902e-06   7.973e-06   7.969e-06 7.97232e-06   7.975e-06 7.97129e-06 1.01572e-08 1.01387e-08 1.01464e-08 1.01544e-08  1.3873e-11
5.30965e-05   0.0759691    0.920475   0.0016048  0.00172766  3.6445e-06  6.5658e-05 3.07358e-05 3.59843e-06 6.58562e-05 4.39442e-07 2.12991e-09 2.12994e-09 3.02398e-10 4.40558e-09 1.74855e-13
   0.976609  0.00582534  0.00582667  0.00582589   0.0058258 1.45122e-05  1.4507e-05 1.44915e-05  1.4498e-05 1.45014e-05 1.45025e-05 2.18128e-08 2.18004e-08 2.18332e-08 2.18281e-08 3.52559e-11
   0.999338 0.000165486 0.000165486 0.000165484 0.000165488 2.41321e-08 2.78296e-08 2.38484e-08 2.36208e-08 2.44111e-08 2.36844e-08 3.12744e-12 3.76759e-12 3.03128e-12 3.62259e-12 5.29233e-16
   0.994998  0.00124901  0.00124882  0.00124888  0.00124893 1.04533e-06 1.04316e-06 1.04337e-06 1.04283e-06 1.04166e-06 1.04618e-06 6.63015e-10  6.6218e-10 6.62255e-10 6.62904e-10 4.46504e-13
   0.999231 0.000192241  0.00019224 0.000192236 0.000192245 3.26312e-08    3.49e-08 3.19295e-08 3.14895e-08 3.27034e-08 3.15348e-08  4.8335e-12 5.49865e-12 4.64076e-12  5.2697e-12  8.9326e-16
7.04992e-09     0.24269     0.70263   0.0274395   0.0271891 1.10921e-05 1.15791e-05 3.05732e-06 1.10664e-05 1.16054e-05 2.79658e-06 2.79202e-11 2.51146e-11 4.60029e-10 2.29335e-10 1.62065e-16
  0.0396156     0.53243   0.0729694    0.172108    0.177844  0.00182624 3.29082e-05 0.000302067  0.00184799 3.57842e-05 0.000982219 1.07175e-06 1.05475e-06  3.3174e-06  4.5442e-07 2.75064e-09
   0.992054  0.00198295  0.00198295  0.00198292  0.00198303 2.37696e-06 2.37727e-06 2.37033e-06 2.37252e-06 2.37137e-06 2.37109e-06  2.0355e-09 2.03375e-09 2.04682e-09 2.04622e-09 1.86252e-12
   0.997306 0.000673108 0.000673095 0.000673101 0.000673148 3.40571e-07  3.3897e-07 3.37089e-07 3.36821e-07 3.36683e-07 3.39534e-07 1.36864e-10 1.36769e-10  1.3682e-10 1.36893e-10 5.83158e-14
   0.999594 0.000101429 0.000101428 0.000101429 0.000101429 9.18257e-09 1.09772e-08 9.15884e-09 9.14619e-09 9.14349e-09 9.22674e-09 7.61036e-13 8.08838e-13 7.61126e-13 8.63223e-13  7.4812e-17
   0.129822    0.162857    0.305041    0.199387    0.194926  0.00112556  0.00154357  0.00141649  0.00111264  0.00152866  0.00122618 3.15006e-06 3.17101e-06  2.7028e-06 3.34045e-06 7.03622e-09
   0.998847 0.000288042 0.000288031  0.00028804 0.000288035 6.95972e-08 7.07818e-08 6.81732e-08 6.90321e-08 6.91318e-08 6.84956e-08 1.43648e-11 1.43298e-11  1.4224e-11 1.43885e-11 3.15151e-15
8.07657e-10    0.230753    0.705122   0.0295856   0.0343716 3.57122e-05 3.74131e-05 1.08362e-05 3.71936e-05 3.59288e-05 1.07191e-05 2.20831e-10  2.3154e-10 4.65526e-09 1.58848e-09 2.79832e-14
   0.954268   0.0113709   0.0113731   0.0113727   0.0113732 4.03271e-05 4.03276e-05 4.03144e-05 4.03156e-05 4.03323e-05  4.0326e-05 7.66818e-08 7.66341e-08 7.66409e-08 7.66874e-08 1.55486e-10
   0.985045  0.00372798  0.00372836  0.00372812   0.0037283 7.00277e-06 6.99489e-06 6.99217e-06 6.99565e-06 6.99669e-06 6.99383e-06 8.56803e-09 8.55236e-09 8.56981e-09 8.56944e-09 1.12403e-11
   0.982624  0.00433028  0.00433097  0.00433046  0.00433064 8.97363e-06 8.96847e-06 8.96166e-06  8.9638e-06 8.96844e-06 8.96584e-06 1.18179e-08 1.18026e-08 1.18155e-08 1.18211e-08 1.67198e-11
   0.999998 3.89348e-07 3.89348e-07 3.89348e-07 3.89349e-07 1.73457e-13 1.51872e-13 2.08649e-13 2.04645e-13 2.39788e-13 1.53108e-13 6.63812e-20 9.33894e-20 6.00129e-20  1.1147e-19 1.13632e-26
1.41014e-08   0.0344887   0.0578234    0.416802    0.490478 4.31742e-05 0.000160246 6.20938e-07 0.000160247 4.31673e-05 6.38415e-07 1.54626e-08 1.82592e-08 2.22626e-09 1.30351e-09 1.75217e-14
7.54669e-05    0.251178    0.247935    0.250356    0.250359  1.6264e-05 1.61586e-05 1.61856e-05 1.62642e-05 1.61588e-05 1.62376e-05 5.72948e-10 5.73791e-10 5.75094e-10 5.74357e-10 1.63999e-14
   0.987577  0.00309776   0.0030981  0.00309789  0.00309812 5.13069e-06  5.1246e-06 5.11941e-06 5.12296e-06 5.12486e-06 5.12166e-06 5.69745e-09 5.68493e-09 5.70556e-09 5.69881e-09 6.77817e-12
   0.958971   0.0102047   0.0102064   0.0102056   0.0102061 3.43903e-05 3.43938e-05 3.43794e-05 3.43795e-05 3.43933e-05   3.439e-05 6.33502e-08 6.33123e-08 6.33158e-08 6.33596e-08 1.24677e-10
   0.958818   0.0102425   0.0102441   0.0102434   0.0102438 3.45792e-05 3.45825e-05 3.45681e-05 3.45681e-05 3.45816e-05 3.45787e-05 6.37685e-08 6.37316e-08 6.37376e-08 6.37788e-08 1.25633e-10
   0.994609  0.00134619  0.00134597  0.00134602  0.00134605 1.19713e-06 1.19336e-06 1.19245e-06 1.19304e-06 1.19208e-06 1.19253e-06 7.97113e-10 7.96534e-10 8.00045e-10 7.98438e-10 5.64274e-13
   0.997745  0.00056334 0.000563318 0.000563333  0.00056336 2.43788e-07 2.45732e-07 2.42278e-07 2.42953e-07 2.41614e-07 2.45388e-07 8.58918e-11 8.55853e-11  8.5667e-11 8.57856e-11 3.21212e-14
  0.0010487    0.249505    0.249504    0.249505    0.249505   0.0001553 0.000155288 0.000155299 0.000155298 0.000155294 0.000155299 4.91234e-08 4.91685e-08  4.9139e-08 4.94302e-08 1.31713e-11
   0.986192  0.00344265  0.00344302   0.0034427  0.00344309 6.13359e-06 6.12086e-06 6.11848e-06  6.1241e-06  6.1242e-06 6.12041e-06 7.19978e-09 7.18415e-09 7.20718e-09 7.19808e-09  9.0609e-12
4.03921e-08     0.46023 0.000481148  0.00539526    0.532777 0.000315657 1.49169e-06 0.000240707 1.48246e-06 0.000315648 0.000240733 1.75755e-09 1.36838e-07 9.77266e-10 1.16879e-07 7.90007e-14
   0.990207  0.00244309  0.00244327   0.0024432   0.0024434 3.41832e-06 3.41464e-06 3.40772e-06 3.41354e-06 3.41173e-06 3.41001e-06 3.31823e-09 3.31397e-09 3.33379e-09 3.32615e-09 3.45186e-12
   0.979062  0.00521599  0.00521668   0.0052161  0.00521625 1.21543e-05 1.21471e-05  1.2138e-05 1.21402e-05 1.21452e-05 1.21457e-05 1.74246e-08 1.74111e-08 1.74374e-08 1.74344e-08 2.68538e-11
0.000193919      0.2494    0.250698    0.249738    0.249741  3.8128e-05  3.8226e-05 3.82033e-05 3.81282e-05 3.82271e-05 3.81545e-05 3.17409e-09 3.12628e-09 3.12674e-09 3.12776e-09 2.11831e-13
 2.3023e-10    0.450048   0.0851272    0.231152    0.232161 2.73562e-05 2.70564e-05 0.000701137 2.70552e-05 2.73343e-05 0.000701074 1.03962e-07 1.04595e-07 3.95858e-08 2.01954e-07 1.99511e-13
   0.971836  0.00701086  0.00701266  0.00701205  0.00701204 1.94324e-05 1.94267e-05 1.94132e-05 1.94213e-05 1.94259e-05 1.94203e-05 3.14643e-08 3.14447e-08  3.1461e-08 3.14727e-08 5.47165e-11
 0.00308964    0.248725    0.248728    0.248727    0.248729  0.00033344 0.000333411 0.000333434 0.000333435 0.000333437 0.000333455 2.15357e-07 2.15227e-07  2.1526e-07 2.15374e-07 1.21911e-10
   0.999379 0.000155144 0.000155141 0.000155142 0.000155143 2.11776e-08 2.49013e-08 2.08698e-08 2.08808e-08 2.13446e-08 2.08942e-08 2.54071e-12 3.02543e-12 2.52929e-12 3.07568e-12 4.00967e-16
   0.955907    0.010964   0.0109664   0.0109659   0.0109666 3.82331e-05 3.82353e-05 3.82219e-05 3.82227e-05 3.82402e-05 3.82339e-05 7.19522e-08 7.19031e-08 7.19023e-08 7.19553e-08 1.44481e-10
1.17538e-07 0.000116578 9.22637e-06 1.97347e-07 0.000117194    0.309731   0.0213602   0.0826762   0.0102367   0.0603065    0.515383 7.79329e-07 3.82047e-05 8.05125e-07 2.35924e-05 7.63904e-10
   0.978886  0.00525971  0.00526035  0.00525976  0.00525987  1.2318e-05 1.23117e-05 1.23026e-05 1.23043e-05 1.23095e-05 1.23103e-05 1.77252e-08 1.77118e-08 1.77385e-08 1.77359e-08 2.74181e-11
3.23714e-07    0.261338    0.691858   0.0226214   0.0234306 0.000164612 0.000174609 3.86507e-05 0.000165938 0.000173246 3.46372e-05 3.38934e-09 3.56057e-09 7.99377e-08 3.47095e-08 6.60087e-14
   0.997859 0.000535006 0.000534994    0.000535  0.00053503 2.21514e-07 2.24484e-07 2.19532e-07 2.20904e-07 2.19352e-07 2.23214e-07 7.47424e-11 7.48491e-11 7.47175e-11 7.47484e-11 2.68195e-14
  0.0156259    0.227523    0.274714    0.238581    0.238799 0.000754277 0.000829439 0.000810903 0.000754603 0.000829862 0.000772686 1.12198e-06 1.12074e-06 1.06839e-06 1.13859e-06 1.44911e-09
   0.968551  0.00782643  0.00782828  0.00782775  0.00782792  2.3044e-05 2.30357e-05 2.30221e-05  2.3031e-05 2.30368e-05 2.30302e-05 3.88605e-08 3.88375e-08 3.88529e-08 3.88662e-08 7.03123e-11
   0.974482  0.00635361   0.0063553  0.00635453  0.00635464 1.66526e-05  1.6648e-05 1.66333e-05  1.6639e-05 1.66452e-05 1.66418e-05  2.5944e-08 2.59264e-08 2.59448e-08 2.59533e-08 4.34383e-11
   0.999032  0.00024202 0.000242011  0.00024202 0.000242014 5.04329e-08 5.30428e-08 4.94017e-08 4.90367e-08 5.01808e-08 4.90534e-08 9.09584e-12 9.78299e-12  8.8135e-12 9.50934e-12 1.92487e-15
   0.998769 0.000307708 0.000307695 0.000307695 0.000307699 7.94648e-08 8.05326e-08 7.72922e-08 7.88324e-08 7.80158e-08 7.80931e-08 1.72542e-11 1.74021e-11 1.71056e-11 1.70659e-11 4.00344e-15
   0.977619  0.00557467  0.00557558  0.00557486  0.00557486 1.35253e-05 1.35212e-05 1.35076e-05 1.35116e-05 1.35153e-05 1.35173e-05 1.99559e-08 1.99449e-08  1.9976e-08 1.99721e-08 3.16602e-11
6.69601e-09    0.030346   0.0428312    0.213456    0.710725  0.00053578 0.000592325 0.000192341 0.000592213 0.000535592 0.000192289 2.64588e-07 8.81829e-07 5.50954e-08 3.75203e-08 1.15571e-13
   0.968187  0.00791682  0.00791862  0.00791806   0.0079183 2.34529e-05 2.34458e-05 2.34324e-05 2.34403e-05  2.3447e-05 2.34405e-05 3.97152e-08 3.96913e-08 3.97063e-08 3.97209e-08 7.21439e-11
3.54342e-05    0.647991    0.116449    0.117103    0.117768 6.82704e-05  0.00014899 6.85251e-05 6.79606e-05 0.000149398 0.000149816 1.30291e-09  1.3125e-09 1.69469e-09 9.23134e-08 1.41744e-12
