   0.982367   0.0058587  0.00585934   0.0058576 1.89422e-05 1.90719e-05 1.89561e-05 5.39661e-08
   0.943934   0.0185654   0.0185638   0.0185673 0.000123046 0.000123213 0.000123058 6.62148e-07
   0.949121   0.0168529   0.0168526   0.0168542 0.000106112 0.000106251 0.000106121 5.47046e-07
2.22216e-07  0.00079143  0.00022921  6.3099e-08    0.844506   0.0799811   0.0742617 0.000230093
4.22223e-08    0.011284    0.419516    0.568296 0.000514196  0.00037956 1.02482e-05  6.3482e-10
5.49833e-10 4.03716e-05    0.495604    0.504315 2.05586e-05 2.02047e-05 1.63498e-09 3.51843e-13
   0.999863 4.55247e-05 4.55255e-05 4.55251e-05 1.99383e-09 2.68776e-09 1.98704e-09 8.52857e-14
   0.991623  0.00278715  0.00278784  0.00278658 5.17505e-06 5.28356e-06 5.17664e-06 8.69273e-09
    0.47261   0.0013694    0.429356   0.0902546  0.00206018 0.000574935  0.00375668 1.74656e-05
   0.973243  0.00888162  0.00888119  0.00888004  3.8106e-05 3.82449e-05 3.81328e-05 1.40758e-07
5.14412e-06   0.0452782    0.480147    0.474562 8.24406e-07 8.10604e-07 6.82809e-06 2.39003e-11
   0.998029 0.000656732 0.000656784 0.000656744 3.52819e-07 3.70828e-07 3.56971e-07 1.96293e-10
   0.999927 2.42209e-05 2.42209e-05 2.42199e-05 6.17411e-10 7.30806e-10 5.70123e-10 1.60212e-14
1.74344e-07   0.0109377    0.420226    0.566731  0.00119607 0.000886649  2.3066e-05 6.43879e-10
   0.976697  0.00773783  0.00773805  0.00773618  3.0295e-05 3.04535e-05 3.03312e-05 1.03111e-07
   0.994363  0.00187613  0.00187684    0.001876 2.52446e-06 2.56472e-06 2.53163e-06 3.11096e-09
   0.999363 0.000212222 0.000212233 0.000212223 4.18165e-08 4.57396e-08 4.05441e-08 9.78079e-12
   0.993817  0.00205767  0.00205873  0.00205744 2.99304e-06 3.05932e-06 2.98588e-06 3.96162e-09
   0.932076   0.0224773   0.0224777   0.0224765 0.000163929 0.000164104 0.000163969 9.54093e-07
0.000192456    0.221502    0.387879    0.390217 6.34215e-05 6.36367e-05 8.25453e-05 8.54271e-09
   0.998423 0.000525257 0.000525268 0.000525313 2.29874e-07 2.44635e-07  2.3596e-07  1.0524e-10
 0.00591481    0.056115    0.475087    0.459904 0.000716951 0.000699905  0.00156025 1.82122e-06
   0.999985 5.07698e-06 5.07701e-06 5.07701e-06  4.7491e-11 5.01812e-11 3.30593e-11 1.25952e-16
   0.973744  0.00871604  0.00871526  0.00871398 3.69437e-05 3.70612e-05 3.69683e-05 1.34907e-07
   0.998317 0.000560596 0.000560645 0.000560641 2.60095e-07 2.70452e-07 2.68382e-07  1.2441e-10
   0.999935  2.1718e-05 2.17178e-05 2.17173e-05 4.68264e-10 7.10838e-10 5.06819e-10 9.46756e-15
   0.989393  0.00352802  0.00352818  0.00352738 7.91411e-06 7.87351e-06 7.85339e-06  1.5623e-08
   0.999973 9.02655e-06  9.0264e-06 9.02634e-06 1.73156e-10 2.01842e-10 7.97801e-11 1.62532e-15
 4.2749e-11 5.41596e-06  4.4572e-06 2.13272e-06    0.670463    0.212453    0.117064 8.12696e-06
   0.984011  0.00531333  0.00531472  0.00531259  1.6008e-05 1.61262e-05 1.60414e-05 4.27903e-08
   0.997948 0.000683432 0.000683519 0.000683432 3.84484e-07 4.10756e-07 3.85764e-07 2.36102e-10
7.96677e-12   0.0322572    0.607754    0.359979 3.17128e-06 5.35423e-06 2.84187e-07 2.13002e-15
   0.991095  0.00296274  0.00296301  0.00296203   5.769e-06 5.85681e-06 5.75774e-06 1.01219e-08
   0.999963 1.22171e-05 1.22168e-05 1.22169e-05 1.68314e-10 2.90234e-10 1.57386e-10 1.72675e-15
 7.4946e-05    0.749549    0.123301    0.126097 0.000253236 0.000249423 0.000476097 3.16708e-08
   0.994423   0.0018564  0.00185702  0.00185619  2.4771e-06 2.50465e-06 2.48637e-06 3.01991e-09
   0.999897 3.42772e-05  3.4276e-05 3.42756e-05 1.13036e-09 1.60138e-09 1.12098e-09 3.75926e-14
    0.99564  0.00145176  0.00145206  0.00145165 1.55973e-06  1.5829e-06 1.57203e-06 1.57503e-09
   0.999843 5.23548e-05 5.23571e-05 5.23553e-05 2.59491e-09 3.25417e-09 2.72145e-09 1.30124e-13
   0.986334  0.00454286  0.00454366  0.00454228 1.22369e-05 1.23157e-05 1.22147e-05 2.92513e-08
   0.982595  0.00578304  0.00578401  0.00578201 1.85177e-05 1.86338e-05 1.85438e-05 5.23265e-08
8.44828e-07     0.83961   0.0802785   0.0801035 2.57942e-06 2.58194e-06 2.06511e-06 5.45403e-12
   0.993182  0.00226875  0.00226963  0.00226863 3.57723e-06 3.68481e-06 3.54536e-06 5.10225e-09
   0.991794  0.00273037  0.00273112  0.00272992 4.97951e-06 5.11075e-06 4.98753e-06 8.27565e-09
   0.999013 0.000328748  0.00032876 0.000328747 9.38426e-08 1.00817e-07 9.45257e-08 2.88002e-11
   0.999961 1.31097e-05 1.31094e-05 1.31095e-05 1.81005e-10 2.41264e-10 2.04619e-10  2.6543e-15
   0.985943  0.00467261  0.00467374  0.00467208 1.28382e-05 1.29327e-05 1.28429e-05 3.13501e-08
   0.983094  0.00561776  0.00561866  0.00561693 1.76206e-05  1.7786e-05 1.76517e-05 4.89005e-08
   0.999138 0.000287332 0.000287348 0.000287365 7.24782e-08 7.59726e-08 7.26243e-08 1.78743e-11
   0.998798 0.000400432 0.000400441 0.000400416 1.36546e-07 1.44826e-07 1.47721e-07 5.34921e-11
   0.991536  0.00281601  0.00281666  0.00281544 5.27665e-06 5.36631e-06 5.26578e-06 8.89727e-09
   0.983985  0.00532204   0.0053234  0.00532127 1.60549e-05 1.61712e-05 1.60834e-05 4.29492e-08
   0.992971  0.00233883  0.00233986  0.00233873 3.76342e-06 3.91745e-06 3.76029e-06 5.58785e-09
   0.997228 0.000923222 0.000923375 0.000923168 6.71183e-07 7.16289e-07 6.97518e-07 5.26284e-10
3.77565e-12 1.22582e-06    0.500702    0.499296 3.18662e-07 3.19559e-07 1.96849e-12 3.07574e-13
   0.969789   0.0100236   0.0100242   0.0100236   4.649e-05 4.65789e-05 4.64937e-05 1.83931e-07
   0.999993 2.36682e-06 2.36683e-06 2.36681e-06 6.33185e-12 3.14809e-11  5.5687e-12 2.79766e-17
   0.970255  0.00986981  0.00987017  0.00986919  4.5334e-05 4.54171e-05  4.5334e-05 1.77777e-07
0.000706361    0.996018  0.00248018 1.53473e-05 0.000368594 0.000410025 9.10373e-07 1.53498e-07
1.63975e-05    0.333716    0.332776    0.333471 6.85055e-06 6.85781e-06 6.84824e-06 1.03759e-10
6.36106e-09    0.409181   0.0141908    0.575519 0.000638677 1.57519e-05 0.000454099 5.57206e-09
   0.978448  0.00715772  0.00715879    0.007156 2.65835e-05 2.66891e-05 2.66144e-05  8.6167e-08
1.43338e-09 7.17038e-05    0.505697     0.49412 5.50268e-05  5.6318e-05 1.23397e-08 4.96681e-12
    0.98632  0.00454761  0.00454838    0.004547 1.22584e-05 1.23441e-05 1.22381e-05 2.93312e-08
   0.957291    0.014156   0.0141564   0.0141529 8.08787e-05 8.10025e-05 8.08964e-05 3.83979e-07
   0.986145  0.00460564  0.00460648  0.00460509 1.25177e-05 1.26134e-05 1.25157e-05 3.02651e-08
    0.99825 0.000582912 0.000582962 0.000582989 2.80226e-07 2.95359e-07 2.88928e-07 1.40268e-10
 2.8214e-13 3.69895e-07    0.500411    0.499588 4.12759e-07 4.13438e-07 1.04684e-12 1.99609e-18
   0.999557 0.000147794 0.000147796 0.000147789 2.05519e-08  2.0082e-08 1.99638e-08 2.92675e-12
   1.03e-10    0.351829   0.0358489    0.612267 3.35131e-05 1.96192e-06 1.92588e-05 9.47736e-10
   0.918164   0.0270622   0.0270709   0.0270564 0.000214972 0.000215191 0.000215038 1.33865e-06
1.01105e-10 0.000120545    0.492165    0.507592 6.24339e-05 6.05396e-05 2.41116e-08 5.67266e-11
   0.980341  0.00653016  0.00653166  0.00652852 2.27921e-05  2.2886e-05 2.27882e-05 6.96031e-08
 0.00304736    0.267179      0.4219    0.305769 2.61215e-05 2.15401e-06  0.00207572 1.00308e-06
1.74331e-05     0.86112   0.0728076   0.0659588 3.60535e-05 3.74878e-05 2.30761e-05 1.93314e-09
   0.953228   0.0154977   0.0154974   0.0154964 9.31877e-05 9.33395e-05 9.32205e-05 4.62219e-07
   0.963708   0.0120353   0.0120359   0.0120329 6.24895e-05 6.26189e-05 6.25117e-05 2.73209e-07
   0.980383  0.00651656  0.00651771  0.00651491 2.27114e-05 2.28092e-05 2.27062e-05 6.92622e-08
   0.920849   0.0261757   0.0261858   0.0261731 0.000204888 0.000205099 0.000204951 1.26131e-06
   0.999942 1.92497e-05 1.92495e-05 1.92491e-05 3.83015e-10 8.96503e-10 3.83238e-10 8.27036e-15
   0.998416 0.000527701 0.000527717 0.000527753 2.31951e-07 2.47004e-07 2.39169e-07 1.06959e-10
 0.00183633     0.54874    0.210443    0.237611  0.00051276  0.00053766 0.000319194 3.64889e-07
   0.999833  5.5664e-05 5.56676e-05  5.5665e-05 2.91903e-09 3.60964e-09 2.96945e-09 1.53394e-13
  1.132e-07 5.96383e-06 0.000877619 0.000858268    0.457513    0.539627  0.00111748 3.64386e-07
   0.998753  0.00041564 0.000415641 0.000415623 1.46633e-07 1.57035e-07 1.62202e-07 6.19138e-11
     0.9873  0.00422265  0.00422333  0.00422209 1.08004e-05 1.08092e-05 1.07731e-05 2.44234e-08
   0.964323   0.0118322   0.0118321   0.0118294 6.08149e-05  6.0924e-05 6.08293e-05 2.63448e-07
   0.999903 3.24896e-05 3.24887e-05 3.24882e-05 1.06509e-09 1.22587e-09  1.0522e-09 3.50533e-14
   0.920866     0.02617   0.0261802   0.0261675 0.000204823 0.000205035 0.000204887 1.26082e-06
4.36839e-08 0.000142982 3.09451e-05 0.000283464 0.000720397    0.830797    0.167833 0.000192098
0.000131413     0.76635    0.117091    0.116274 6.64136e-05   6.628e-05 2.09095e-05 4.94315e-09
0.000203132     0.20511    0.392086    0.402381 6.51614e-05 6.61496e-05 8.89144e-05 9.39684e-09
 0.00252103    0.188592    0.402177    0.404985 0.000504224  0.00050639 0.000712784 5.73264e-07
9.83996e-05    0.685194   0.0219352    0.291478 0.000587972 0.000105687 0.000601151 3.26698e-08
   0.999665 0.000111629  0.00011164  0.00011163 1.16839e-08  1.2013e-08 1.14329e-08 1.16277e-12
    0.98884  0.00371163  0.00371201    0.003711 8.61122e-06 8.62591e-06 8.58657e-06 1.77548e-08
   0.989954  0.00334165  0.00334201  0.00334114 7.17522e-06 7.16713e-06 7.11259e-06  1.3644e-08
5.99908e-09    0.358012     0.03308    0.608738 0.000103247 5.60941e-06 6.07308e-05 3.40394e-10
   0.997509 0.000829849 0.000830021 0.000829808 5.52694e-07 5.79681e-07 5.70464e-07 4.00728e-10
   0.996675  0.00110728  0.00110736  0.00110716 9.40278e-07 9.66227e-07 9.68167e-07 7.84579e-10
6.87031e-05    0.322225    0.318729    0.358792 1.26859e-09 1.36192e-07 0.000185539 7.56223e-09
    0.99143  0.00285137  0.00285185  0.00285073 5.39255e-06 5.48902e-06  5.3811e-06 9.19058e-09
   0.410333    0.193555    0.193543    0.193527   0.0030059  0.00300573  0.00300543 2.55975e-05
 2.3894e-10  6.4309e-05 3.88337e-05 3.21018e-06   0.0301481    0.364842    0.604904 5.87233e-11
   0.969631   0.0100756   0.0100762   0.0100758 4.68857e-05 4.69726e-05 4.68881e-05 1.86024e-07
   0.998816  0.00039443 0.000394437 0.000394404 1.32679e-07 1.40564e-07 1.42039e-07 4.97199e-11
   0.996157  0.00127958  0.00127973  0.00127951 1.23968e-06 1.24835e-06 1.25861e-06 1.11972e-09
   0.958635    0.013712   0.0137129   0.0137085 7.69083e-05 7.70314e-05 7.69407e-05 3.59498e-07
4.02685e-09    0.351933   0.0358004    0.612158 6.61957e-05 3.86778e-06  3.8062e-05 2.01774e-09
  0.0214666    0.635105    0.220449     0.11723  0.00258183  0.00209245  0.00106775 6.85195e-06
   0.970174   0.0098962  0.00989673  0.00989571 4.55307e-05 4.56188e-05 4.55336e-05 1.78834e-07
   0.978155  0.00725456  0.00725599  0.00725271 2.71864e-05 2.73059e-05 2.72234e-05 8.89162e-08
   0.955617   0.0147094   0.0147089   0.0147061 8.58943e-05  8.6017e-05 8.59166e-05 4.15521e-07
 0.00168398    0.325473    0.415128    0.256021 7.23107e-06 5.02486e-06  0.00168036 5.58524e-07
7.45322e-07  0.00343549    0.456391    0.538956 0.000656609 0.000555901 4.19516e-06 8.93262e-10
2.40303e-11 2.60018e-06  5.5528e-06 5.10793e-07   0.0613973    0.633007    0.305587 2.31309e-10
   0.912755   0.0288442   0.0288506   0.0288417  0.00023556 0.000235769 0.000235626 1.49811e-06
   0.993673   0.0021055  0.00210656  0.00210531 3.12232e-06 3.18462e-06 3.11228e-06 4.20132e-09
   0.988712  0.00375396  0.00375427  0.00375341 8.79522e-06 8.80238e-06 8.75626e-06 1.82529e-08
   0.999923 2.56184e-05 2.56182e-05 2.56172e-05 6.88244e-10 8.71447e-10 6.59552e-10 1.87593e-14
   0.997748 0.000750262 0.000750414 0.000750232 4.58898e-07 4.96211e-07 4.67345e-07 3.19109e-10
3.59594e-07   0.0307421    0.363084     0.60503 0.000692774 0.000415668 3.51967e-05 7.95041e-10
   0.999921 2.64286e-05 2.64284e-05 2.64274e-05 7.48607e-10 7.75858e-10 7.54625e-10 2.86078e-14
   0.987158  0.00426961   0.0042703  0.00426908  1.1011e-05 1.10152e-05 1.09738e-05 2.50978e-08
3.00329e-07  0.00029098 1.56765e-06 0.000795411   0.0447706    0.883807   0.0700715 0.000262746
1.64004e-08   0.0105915    0.566511    0.422232 0.000281305 0.000377472 7.12409e-06 3.01523e-09
1.31982e-06   0.0516912    0.318313    0.626494  0.00220104  0.00111821 0.000181823 7.35387e-09
  3.978e-10 1.64967e-06 2.66197e-05 1.59515e-06   0.0733308    0.288452    0.638182  5.5398e-06
1.24876e-07 2.51239e-05    0.501907    0.497137 0.000462933 0.000467344 3.85666e-08 3.89728e-10
   0.994895  0.00169965  0.00169997  0.00169948  2.0964e-06 2.12231e-06 2.12051e-06 2.40005e-09
   0.996948  0.00101657  0.00101672  0.00101652 8.02255e-07 8.38465e-07 8.19179e-07  6.2342e-10
   0.945329   0.0181053   0.0181033   0.0181063  0.00011843 0.000118577  0.00011845 6.30416e-07
   0.997514 0.000828048 0.000828225 0.000828009 5.50127e-07 5.78785e-07 5.68053e-07 3.98777e-10
    0.97017  0.00989761   0.0098982  0.00989718 4.55419e-05 4.56288e-05 4.55444e-05 1.78888e-07
   0.999846 5.13272e-05 5.13302e-05 5.13281e-05 2.49572e-09 3.00089e-09  2.5734e-09 1.22184e-13
   0.989423  0.00351793  0.00351807  0.00351728 7.87656e-06 7.83127e-06 7.81303e-06 1.55143e-08
    0.99751 0.000829449 0.000829622 0.000829408 5.52078e-07  5.7935e-07 5.68888e-07 3.98716e-10
   0.961662   0.0127115    0.012712    0.012709 6.81928e-05  6.8335e-05 6.82408e-05  3.0674e-07
   0.992013  0.00265748  0.00265834  0.00265708 4.72573e-06 4.85985e-06 4.75532e-06 7.75667e-09
9.13993e-05    0.481697    0.256434    0.261672 3.88877e-05 3.92213e-05 2.79629e-05 2.13951e-09
   0.994558  0.00181154  0.00181212  0.00181129 2.36323e-06 2.40648e-06 2.38231e-06 2.84783e-09
   0.995157  0.00161247  0.00161276  0.00161234 1.89804e-06 1.92032e-06 1.91166e-06 2.08016e-09
1.14524e-06    0.435173     0.28271    0.282109 1.07676e-07 1.08562e-07 7.42178e-06 1.01213e-11
   0.946124   0.0178426    0.017843    0.017842 0.000115816 0.000115937 0.000115827 6.12581e-07
   0.990231  0.00324973  0.00325001  0.00324922 6.81688e-06 6.81678e-06 6.77476e-06 1.27185e-08
2.33006e-10  0.00126622    0.474186    0.524426 6.41713e-05 5.80272e-05 1.63045e-07 1.66877e-10
  0.0733157    0.430469     0.22363    0.263652  0.00314072  0.00336784   0.0024077 1.66659e-05
 0.00118036     0.68393    0.145819    0.168088 0.000396708 0.000415384 0.000170303 1.94793e-07
   0.962171   0.0125434   0.0125439   0.0125409 6.67575e-05 6.68978e-05  6.6804e-05 2.98242e-07
0.000505624    0.409637    0.105151      0.4835  0.00010461 3.35794e-06   0.0010982 1.73889e-07
 0.00795311 0.000425328    0.519902    0.468317 0.000620591 0.000560912  0.00221862 2.62023e-06
  0.0884769    0.711782  0.00189429     0.19017  0.00228307  0.00468611 0.000693276 1.48891e-05
0.000587024    0.248431    0.447756    0.302671 0.000191329 0.000154329 0.000208653  5.8458e-08
    0.96553   0.0114335   0.0114322   0.0114316 5.75544e-05 5.76709e-05 5.75665e-05 2.44762e-07
   0.986299  0.00455471  0.00455556   0.0045541 1.22875e-05 1.23775e-05 1.22748e-05 2.94511e-08
  0.0189887   0.0530331    0.559937    0.363502 0.000552609 0.000289161   0.0036925 5.33796e-06
0.000436525    0.471774    0.360331    0.166176 8.57101e-06 9.02237e-05   0.0011842 1.45311e-07
9.96945e-09    0.628464   0.0516308      0.3198 3.35048e-05  5.4103e-06 6.58143e-05 1.84663e-09
   0.997392 0.000868853  0.00086895 0.000868803 6.05107e-07 6.36853e-07 6.28608e-07 4.73938e-10
1.87962e-06   0.0140098    0.554437    0.430791  0.00029842 0.000456738 5.97146e-06  6.1699e-10
   0.980185    0.006582  0.00658342  0.00658043 2.30995e-05 2.31845e-05 2.30984e-05 7.08923e-08
8.35527e-10 3.13006e-05  5.5613e-05 1.83802e-05   0.0153642    0.200376    0.784148  6.7385e-06
0.000934259    0.817898   0.0848954   0.0954444 0.000362589 0.000373313 9.14648e-05 1.47021e-07
   0.898255    0.033621   0.0336273   0.0336173  0.00029232 0.000292507 0.000292391 1.94793e-06
3.95516e-09    0.366896    0.603844   0.0291964 1.86994e-06 3.84154e-05 2.34089e-05 2.37859e-10
1.08611e-10 7.26754e-06  7.2273e-06 2.89876e-05    0.666619      0.1662    0.167137 2.24788e-11
   0.993118  0.00229018  0.00229106  0.00229008  3.6286e-06 3.74446e-06 3.60753e-06 5.24104e-09
   0.989782  0.00339888  0.00339913  0.00339828 7.40621e-06 7.37699e-06 7.33896e-06 1.42407e-08
   0.050513  0.00989186    0.438044    0.494259  0.00138032   0.0015309  0.00436821 1.21783e-05
   0.999739 8.69216e-05 8.69251e-05 8.69196e-05 7.00256e-09 7.48643e-09 7.07797e-09 5.61513e-13
   0.979911  0.00667278  0.00667414  0.00667136 2.36325e-05 2.37488e-05 2.36331e-05 7.32121e-08
   0.992771  0.00240549  0.00240617  0.00240523 3.95877e-06 4.09102e-06 3.96662e-06 6.00456e-09
3.62175e-10    0.352674   0.0354721    0.611791 3.83471e-05 2.22236e-06 2.21074e-05 1.28469e-09
   0.974062  0.00861057  0.00861011  0.00860801 3.62075e-05 3.63345e-05 3.62377e-05 1.31309e-07
8.09558e-05    0.935273   0.0308745   0.0335638  9.5171e-05 9.33841e-05 1.95583e-05 8.78694e-09
   0.941778   0.0192768   0.0192759   0.0192773 0.000130269 0.000130403  0.00013027 7.12365e-07
1.86959e-07 0.000384004    0.512999    0.485655 0.000467426 0.000493685 3.84611e-07 7.87327e-11
   0.986781  0.00439489  0.00439523  0.00439426  1.1578e-05 1.16131e-05 1.15243e-05 2.69495e-08
   0.999515 0.000161548  0.00016155 0.000161543  2.4092e-08  2.4023e-08 2.44554e-08 3.96677e-12
   0.999792  6.9325e-05 6.93274e-05 6.93245e-05 4.53851e-09 5.10088e-09 4.55067e-09 2.88248e-13
   0.978743  0.00705985  0.00706094  0.00705816 2.59851e-05 2.60783e-05 2.60077e-05 8.34447e-08
    0.99932 0.000226736 0.000226749 0.000226741 4.62351e-08 5.14403e-08 4.57458e-08 9.89077e-12
2.44795e-10 0.000118984 0.000103873 8.54782e-06   0.0144381     0.35872     0.62661  7.3884e-07
   0.132259    0.379828    0.218632    0.259335  0.00343031   0.0036937  0.00280027 2.18899e-05
   0.956373   0.0144596   0.0144598   0.0144563 8.36236e-05  8.3733e-05 8.36322e-05  4.0115e-07
1.03964e-05    0.742608    0.156167    0.100929 6.09336e-05 8.28539e-05 0.000142176 1.75392e-09
1.27607e-10  2.2917e-07 2.52635e-07 2.28892e-07 0.000474753 0.000474633 0.000474562    0.998575
  0.0567333     0.63672   0.0857238    0.212914  0.00280719  0.00373013  0.00135792 1.36709e-05
5.64778e-14 4.54957e-06    0.498885    0.501079 1.56533e-05 1.55857e-05 2.48871e-10 1.10359e-11
   0.998644 0.000451672 0.000451681 0.000451689 1.73303e-07 1.81035e-07 1.79974e-07 6.69776e-11
   0.987212  0.00425148  0.00425232  0.00425097  1.0923e-05 1.09305e-05 1.08979e-05 2.48388e-08
   0.988746  0.00374254  0.00374284  0.00374197  8.7492e-06 8.75192e-06 8.70784e-06 1.81145e-08
   0.995422  0.00152437  0.00152471  0.00152419 1.71083e-06   1.737e-06 1.72255e-06 1.79401e-09
   0.920221   0.0263828   0.0263947   0.0263785 0.000207229 0.000207453 0.000207293 1.27927e-06
   0.999789 7.04511e-05 7.04529e-05 7.04494e-05 4.70457e-09 5.12239e-09 4.66064e-09 3.02529e-13
    0.97968  0.00674935  0.00675067  0.00674783 2.40956e-05  2.4198e-05 2.40956e-05 7.51731e-08
   0.968357   0.0104974   0.0104977   0.0104973  5.0125e-05 5.02062e-05 5.01243e-05 2.03457e-07
   0.998714 0.000428588 0.000428591  0.00042857 1.55745e-07 1.65173e-07  1.7013e-07 6.32884e-11
9.05535e-07    0.610026     0.20468    0.185224 7.41179e-06  8.4379e-06 5.34765e-05 1.46943e-09
   0.984532  0.00514082  0.00514152  0.00514014 1.51248e-05 1.52196e-05 1.51406e-05 3.94829e-08
  0.0273368    0.876669   0.0557237   0.0345778  0.00277261  0.00254301 0.000369134 7.70832e-06
   0.936781   0.0209258   0.0209249   0.0209256 0.000147385 0.000147523 0.000147401 8.33817e-07
1.45134e-11 0.000106039 5.17163e-05 9.99005e-06   0.0585657    0.305919    0.635348 2.07834e-09
   0.993806  0.00206148   0.0020625  0.00206129 3.00238e-06 3.06775e-06 2.99646e-06 3.98159e-09
 0.00227773    0.991886  0.00286475  0.00131893 0.000899327 0.000752434 3.13129e-07 7.00477e-07
    0.98922  0.00358521  0.00358542  0.00358458 8.13475e-06 8.12494e-06  8.0779e-06 1.62684e-08
   0.999456 0.000181385 0.000181386 0.000181382 3.04036e-08 3.06885e-08 2.99369e-08 5.48027e-12
0.000338882 0.000112519    0.523894    0.475286 6.32406e-05 5.72917e-05 0.000248156 3.20417e-08
   0.947453   0.0174035   0.0174044   0.0174035 0.000111481 0.000111618 0.000111492 5.83164e-07
   0.952418   0.0157654   0.0157658   0.0157634 9.56998e-05 9.58505e-05  9.5728e-05  4.7854e-07
     0.9942  0.00193052  0.00193126  0.00193044 2.67699e-06 2.73309e-06 2.66587e-06 3.35552e-09
   0.961606   0.0127303   0.0127308   0.0127278 6.83553e-05 6.84958e-05  6.8403e-05 3.07696e-07
   0.996559  0.00114591  0.00114603  0.00114576 1.00597e-06 1.01251e-06 1.02086e-06 8.30265e-10
 0.00323975    0.295001  0.00267457    0.696404 0.000571172 0.000208685  0.00189973 7.34902e-07
   0.964285   0.0118449    0.011845   0.0118422 6.09182e-05 6.10336e-05 6.09373e-05 2.64062e-07
   0.999806 6.46691e-05 6.46746e-05  6.4671e-05 3.96105e-09 4.40099e-09 3.91588e-09 2.37244e-13
   0.992438  0.00251627  0.00251721  0.00251589 4.29472e-06 4.43413e-06  4.3142e-06 6.75195e-09
    0.98218  0.00592071  0.00592158  0.00591942 1.92886e-05 1.94194e-05 1.93037e-05 5.53311e-08
   0.992148  0.00261243   0.0026134  0.00261204 4.59443e-06 4.72283e-06 4.61365e-06 7.40692e-09
3.11414e-08   0.0955264    0.654259        0.25 5.35114e-05 0.000140259 2.04509e-05 5.42934e-10
  0.0124379    0.151023    0.296965     0.53593 5.36952e-05  0.00024799  0.00333995 3.45832e-06
  0.0105214   0.0492078    0.422378    0.514248 0.000294301 0.000392717  0.00295465 3.37633e-06
 0.00225544     0.11518    0.439164     0.44181  0.00042312 0.000424889 0.000742063 4.98212e-07
   0.985646  0.00477114  0.00477217  0.00477059 1.33008e-05 1.34064e-05 1.33262e-05 3.29981e-08
   0.981326  0.00620383  0.00620528  0.00620238 2.08937e-05 2.10064e-05 2.08954e-05   6.174e-08
5.53233e-08  0.00261996    0.461209    0.533265  0.00155456  0.00134432  7.7721e-06 5.51187e-09
   0.976362  0.00784888  0.00784902  0.00784709 3.10264e-05 3.11835e-05  3.1052e-05 1.06497e-07
   0.916566   0.0275889    0.027597   0.0275832 0.000221027 0.000221199 0.000221075 1.38521e-06
   0.983063  0.00562786  0.00562889    0.005627 1.76716e-05 1.78316e-05  1.7709e-05 4.91169e-08
   0.994256  0.00191167  0.00191242  0.00191155 2.62264e-06  2.6672e-06  2.6176e-06 3.26555e-09
   0.954493   0.0150803   0.0150801   0.0150781 8.93028e-05 8.94357e-05 8.93318e-05 4.37249e-07
   0.998412  0.00052917 0.000529185 0.000529218 2.33209e-07 2.48478e-07 2.39508e-07 1.07244e-10
   0.957386   0.0141248    0.014125   0.0141217 8.05999e-05 8.07211e-05 8.06174e-05 3.82231e-07
  1.419e-06   0.0329149    0.607935    0.357965  0.00042405 0.000720033 3.90174e-05 3.25634e-10
1.15194e-07 0.000425179    0.485002    0.513672 0.000462931 0.000437083 4.13577e-07 3.24124e-10
   0.996075  0.00130699   0.0013072  0.00130689 1.28915e-06 1.29462e-06 1.30187e-06 1.18251e-09
   0.913748   0.0285174   0.0285218   0.0285157 0.000231753  0.00023198 0.000231829 1.46847e-06
   0.999979  6.8619e-06 6.86181e-06 6.86179e-06 7.54445e-11 8.03514e-11 4.63299e-11 3.74407e-16
1.29226e-07      0.5021  1.7298e-05    0.496353 0.000760527 2.58284e-08 0.000769438 3.69255e-09
   0.708544   0.0953292   0.0953323   0.0953753   0.0018005  0.00180094  0.00180059 1.74422e-05
    0.94895   0.0169097   0.0169095   0.0169104 0.000106662   0.0001068  0.00010667 5.50732e-07
 0.00193064    0.394852    0.325654    0.275572 5.04167e-06 1.67891e-05  0.00197011 6.13298e-07
   0.156051    0.489126    0.172574    0.172431  0.00381973   0.0038197  0.00215745 2.24608e-05
1.29178e-07  0.00323314    0.538231    0.458109 0.000195233 0.000229406 1.38914e-06 1.44909e-12
   0.994139  0.00195064  0.00195132  0.00195052 2.72667e-06  2.7959e-06 2.71521e-06  3.4536e-09
   0.998429 0.000523466 0.000523478 0.000523535 2.28388e-07 2.42752e-07 2.34513e-07 1.04055e-10
   0.997098 0.000966609 0.000966768 0.000966566 7.30373e-07 7.68669e-07 7.45574e-07  5.5595e-10
     0.9981 0.000632796 0.000632875 0.000632825 3.28426e-07 3.43868e-07  3.3245e-07 1.74419e-10
   0.995908  0.00136252  0.00136272  0.00136244 1.39195e-06 1.39866e-06 1.39855e-06 1.32158e-09
   0.999701 9.96442e-05 9.96502e-05 9.96428e-05 9.19743e-09 1.01341e-08 9.15019e-09 8.63463e-13
    0.96983   0.0100102   0.0100107     0.01001 4.63887e-05 4.64771e-05 4.63933e-05 1.83391e-07
  0.0037216    0.214904    0.400845    0.378275 0.000690763 0.000668264 0.000894458  9.7805e-07
    0.92174   0.0258826   0.0258914   0.0258801 0.000201571 0.000201781 0.000201633 1.23599e-06
   0.963446   0.0121221   0.0121225   0.0121198 6.32106e-05 6.33432e-05 6.32347e-05 2.77415e-07
0.000127548    0.333229    0.333237    0.333262 4.79185e-05 4.79196e-05 4.79216e-05  3.8987e-09
   0.982439  0.00583485  0.00583561  0.00583374 1.88095e-05 1.89376e-05  1.8827e-05  5.3453e-08
   0.929799   0.0232267   0.0232324   0.0232243  0.00017207 0.000172234 0.000172112 1.01419e-06
   0.951577   0.0160433   0.0160431   0.0160406  9.8328e-05 9.84644e-05 9.83554e-05 4.95698e-07
   0.950481   0.0164052   0.0164052    0.016403 0.000101781  0.00010192 0.000101813 5.18436e-07
   0.999816 6.12811e-05 6.12861e-05 6.12829e-05 3.52819e-09 4.18331e-09  3.5652e-09 2.03046e-13
   0.981519  0.00613978  0.00614084  0.00613838 2.05306e-05  2.0649e-05 2.05194e-05 6.02409e-08
   0.993971  0.00200651  0.00200729  0.00200631 2.85788e-06 2.93125e-06 2.86486e-06 3.73093e-09
  0.0797788    0.526698    0.190431    0.194164  0.00345049  0.00347627  0.00198487 1.71051e-05
   0.987489  0.00415981  0.00416042  0.00415926 1.05265e-05 1.05264e-05 1.04827e-05 2.35428e-08
   0.999356 0.000214466 0.000214478  0.00021447  4.2133e-08 4.55696e-08 4.10503e-08 9.07921e-12
3.68261e-06  0.00163184  0.00163179  0.00163181    0.331255    0.331239    0.331248  0.00135808
   0.977122  0.00759693  0.00759761  0.00759521 2.93793e-05 2.95297e-05 2.94119e-05 9.88552e-08
4.28489e-05    0.264679    0.361636     0.37354 5.23468e-07  6.4988e-07 0.000101878 3.84813e-09
1.78869e-08    0.335216   0.0436213    0.620674 0.000303281  2.1319e-05 0.000163864 7.38388e-10
3.59146e-07   0.0335897     0.60832     0.35605 0.000728021  0.00124349 6.86793e-05 2.80881e-09
   0.998607 0.000464196 0.000464214 0.000464218 1.82011e-07 1.92336e-07 1.88705e-07 7.34233e-11
 1.4871e-05    0.761437   0.0914238    0.146856 8.43433e-05 6.21255e-05  0.00012185 2.36697e-09
   0.995467   0.0015093   0.0015096  0.00150915 1.67753e-06 1.70183e-06 1.69455e-06 1.75041e-09
3.00956e-07   0.0479697    0.624586    0.326385  0.00034626 0.000662491 5.09172e-05 7.13173e-13
 0.00151811    0.357247   0.0816624    0.557705 0.000150946 3.57634e-05  0.00168014 4.90645e-07
   0.996131  0.00128852  0.00128874  0.00128844 1.25764e-06 1.26464e-06 1.27082e-06 1.13893e-09
   0.976871  0.00768011  0.00768065  0.00767845 2.99179e-05 3.00728e-05 2.99563e-05 1.01361e-07
   0.991932  0.00268419  0.00268509  0.00268378 4.81581e-06 4.95622e-06 4.83438e-06 7.94504e-09
 5.4762e-06  0.00987897    0.423962    0.563174  0.00168351  0.00126725 2.96223e-05 4.71427e-09
   0.994171  0.00193999  0.00194072  0.00193989 2.69767e-06 2.76772e-06 2.68995e-06 3.40804e-09
   0.983704  0.00541503  0.00541644  0.00541424 1.65377e-05 1.66777e-05 1.65848e-05 4.48199e-08
   0.952975   0.0155817   0.0155811   0.0155801 9.39764e-05 9.41207e-05 9.40048e-05 4.67303e-07
    0.98568  0.00475994  0.00476084  0.00475937 1.32518e-05 1.33481e-05 1.32682e-05 3.27938e-08
  0.0044244    0.220719    0.390399    0.381933 0.000770466 0.000761022 0.000992874 1.22877e-06
  0.0147856    0.931006   0.0140202   0.0358247  0.00196541  0.00223008 0.000163102 4.65103e-06
   0.993248  0.00224681  0.00224763  0.00224664  3.5154e-06 3.61739e-06   3.485e-06 4.97496e-09
1.99595e-07 0.000942606 0.000146466 0.000151552    0.751934   0.0097974    0.236935 9.25428e-05
   0.936931    0.020876   0.0208754   0.0208759  0.00014686 0.000147005 0.000146876 8.30062e-07
   0.996638   0.0011198  0.00111988  0.00111965 9.60299e-07 9.78283e-07 9.89032e-07 7.97092e-10
   0.981738  0.00606742  0.00606852  0.00606594 2.01212e-05 2.02254e-05 2.01124e-05 5.85741e-08
4.45942e-05    0.513006     0.20076    0.285815 2.50681e-05 1.14981e-05 0.000336931 8.81919e-09
   0.957242   0.0141725   0.0141729   0.0141691 8.10246e-05 8.11495e-05 8.10475e-05 3.84912e-07
6.31431e-08   0.0036969    0.454968    0.540509 0.000446514 0.000375815 3.06163e-06 2.80854e-11
   0.984952   0.0050013   0.0050023  0.00500067 1.44224e-05 1.45112e-05 1.44433e-05 3.69614e-08
1.06406e-07  0.00144502     0.52579    0.472258 0.000239405  0.00026658 7.68211e-07 7.67521e-10
    0.96624   0.0111981   0.0111972   0.0111972 5.56625e-05 5.57652e-05 5.56597e-05 2.34013e-07
   0.114126    0.212843    0.423234    0.244845 0.000164213 1.31866e-05  0.00476777 6.95477e-06
   0.998972 0.000342636  0.00034264 0.000342641 1.01444e-07 1.10094e-07 1.02091e-07 3.13837e-11
    0.98214  0.00593403  0.00593493   0.0059327 1.93639e-05 1.94858e-05   1.938e-05 5.56146e-08
4.40675e-05    0.759688    0.176353   0.0633741 0.000106217 0.000200081 0.000234663 1.10989e-08
2.28381e-13 4.29653e-09 3.80617e-09 4.12152e-09 6.13194e-05 6.13242e-05 6.13223e-05    0.999816
0.000266722    0.333075    0.336852    0.329251 5.45679e-09 1.32512e-08 0.000555074 5.85909e-08
   0.014845    0.425807     0.26695    0.287378   0.0017626  0.00182157  0.00143044 4.91821e-06
   0.996662  0.00111182  0.00111191   0.0011117 9.47374e-07 9.67553e-07 9.77962e-07 7.86139e-10
   0.999828 5.74696e-05 5.74743e-05 5.74704e-05  3.1244e-09 3.96234e-09 3.17566e-09 1.68414e-13
  0.0128692    0.176429    0.600058    0.207024 0.000284219 3.76732e-06  0.00332768 3.33531e-06
 3.6049e-14      0.1541    0.666342    0.179558 1.01734e-08 3.77539e-08 8.73107e-09 2.51641e-15
1.14524e-06    0.435173     0.28271    0.282109 1.07676e-07 1.08562e-07 7.42178e-06 1.01213e-11
0.000138918    0.312843    0.592806   0.0921569  9.0083e-05  0.00152202 0.000442819 4.48137e-08
   0.962665   0.0123803   0.0123806   0.0123779 6.53786e-05 6.55193e-05 6.54134e-05 2.90102e-07
   0.989485  0.00349739  0.00349755  0.00349674 7.79093e-06 7.75415e-06 7.73952e-06 1.52863e-08
   0.990009  0.00332327  0.00332361  0.00332274 7.10979e-06 7.09309e-06 7.04453e-06 1.34571e-08
0.000381451    0.520115    0.241654    0.237465 0.000145521 0.000144492 9.48067e-05 2.85073e-08
 0.00239836    0.754622    0.101054    0.140269 0.000679314 0.000745771 0.000231637 5.74155e-07
   0.995481  0.00150462  0.00150496   0.0015045 1.66728e-06 1.69266e-06 1.68313e-06  1.7364e-09
   0.960397   0.0131301   0.0131306   0.0131268 7.18013e-05 7.19305e-05  7.1848e-05 3.28368e-07
   0.999723 9.22097e-05 9.22122e-05 9.22082e-05 7.87563e-09 8.88251e-09 7.86779e-09 7.41803e-13
0.000734124    0.815789   0.0716056    0.110162 0.000634797 0.000513278 0.000560338 2.36593e-07
    0.98666  0.00443506  0.00443545  0.00443444 1.17576e-05 1.17941e-05 1.17098e-05 2.75581e-08
   0.999721 9.29982e-05 9.30022e-05 9.29965e-05 8.01087e-09 8.75008e-09 8.02204e-09  7.2309e-13
   0.960046    0.013246   0.0132469   0.0132425 7.28096e-05 7.29218e-05 7.28505e-05 3.34449e-07
1.51473e-11 1.80832e-06 1.16409e-06 2.67242e-06    0.750129   0.0853552     0.16451 1.42614e-07
   0.986454  0.00450315   0.0045039  0.00450256 1.20626e-05 1.21093e-05 1.20235e-05 2.86165e-08
   0.996057   0.0013131   0.0013133  0.00131298 1.29962e-06 1.30423e-06 1.31393e-06  1.1975e-09
0.000215619    0.692001    0.161541    0.146006 9.97876e-05 9.66037e-05 4.02987e-05 1.12759e-08
   0.972542  0.00911353  0.00911284  0.00911189 3.97729e-05 3.98776e-05 3.97731e-05 1.49007e-07
   0.969945  0.00997219  0.00997231   0.0099719 4.61056e-05  4.6188e-05 4.61013e-05 1.81833e-07
1.00215e-07     0.29277   0.0667792    0.639134 0.000842227 8.79623e-05 0.000385822 4.06834e-09
8.96697e-06  0.00076369    0.503293    0.495921 2.04956e-06 2.01838e-06 8.81111e-06 5.97916e-11
   0.994788  0.00173492  0.00173537  0.00173465 2.18244e-06  2.2057e-06 2.20166e-06 2.52962e-09
   0.955697   0.0146832   0.0146829   0.0146798 8.56541e-05 8.57751e-05 8.56766e-05 4.14009e-07
   0.999807 6.42484e-05 6.42541e-05   6.425e-05 3.88332e-09 4.40392e-09 3.86815e-09 2.34497e-13
5.73314e-06    0.416449    0.567839   0.0118456 4.71894e-05  0.00220043  0.00161334 1.59112e-08
   0.993758   0.0020774  0.00207839   0.0020772 3.04367e-06 3.10896e-06  3.0388e-06  4.0619e-09
     0.9873  0.00422265  0.00422333  0.00422209 1.08004e-05 1.08092e-05 1.07731e-05 2.44234e-08
   0.999201 0.000266421 0.000266428 0.000266456 6.27639e-08 6.36431e-08 6.37756e-08 1.41746e-11
   0.936722    0.020945   0.0209442   0.0209446 0.000147586 0.000147728 0.000147605  8.3528e-07
  0.0432867    0.758642   0.0296523    0.161524  0.00246603   0.0036572 0.000761066 1.09461e-05
0.000114076    0.654654    0.172622    0.172477 5.37849e-05 5.37684e-05  2.4756e-05 3.49471e-09
    0.99999 3.29006e-06 3.29008e-06 3.29006e-06 1.84945e-11 4.05462e-11 3.02599e-11   3.613e-17
   0.998771 0.000409525 0.000409525 0.000409509 1.42547e-07 1.51481e-07 1.54914e-07  5.6613e-11
   0.150038    0.213992    0.374346    0.251558  0.00348517  0.00282301  0.00373629 2.28668e-05
   0.964127   0.0118972   0.0118976   0.0118942   6.135e-05 6.14535e-05 6.13661e-05 2.66554e-07
   0.977928  0.00732967  0.00733109  0.00732781 2.76649e-05 2.77757e-05 2.77004e-05 9.10329e-08
 8.6722e-10 1.75888e-05  7.2184e-05 4.25474e-08   0.0593556    0.485575    0.454977 3.04069e-06
   0.927164   0.0240941   0.0241002   0.0240958   0.0001816 0.000181806  0.00018165 1.08509e-06
   0.994178  0.00193769   0.0019384  0.00193761  2.6919e-06 2.75952e-06 2.68583e-06 3.39819e-09
   0.993822   0.0020562  0.00205724  0.00205598 2.98786e-06 3.05453e-06   2.984e-06 3.95732e-09
9.99574e-07     0.41602     0.29342    0.290553 5.29112e-08 5.56529e-08 5.78811e-06 4.71832e-12
   0.982587 4.02399e-05  0.00781811  0.00897501 0.000127919 0.000136878 0.000311939 2.49037e-06
   0.981206  0.00624365  0.00624473  0.00624222 2.11205e-05  2.1232e-05 2.11159e-05 6.26658e-08
1.82035e-08    0.330405     0.63131    0.038258 1.30098e-06 1.59936e-05 9.66716e-06 7.90031e-11
   0.976448   0.0078204  0.00782058  0.00781863  3.0837e-05 3.10009e-05 3.08652e-05 1.05636e-07
   0.966838   0.0110008       0.011   0.0109987 5.40817e-05  5.4176e-05 5.40866e-05 2.25216e-07
9.72873e-11 9.78974e-06 1.18509e-06 4.16266e-06    0.274988    0.078285    0.646712 1.15992e-11
   0.978452  0.00715638  0.00715736  0.00715466 2.65758e-05 2.66806e-05 2.66047e-05 8.61252e-08
   0.936046   0.0211683   0.0211678   0.0211672 0.000149938 0.000150093 0.000149966 8.52274e-07
   0.987633  0.00411213  0.00411279  0.00411159 1.03106e-05 1.03116e-05 1.02876e-05 2.28805e-08
8.52694e-05    0.901965   0.0668704    0.030817 9.91981e-05 0.000124476 3.90995e-05 1.15623e-08
1.27998e-07 0.000495037    0.514958    0.483986 0.000271526 0.000288935 3.48784e-07  5.4171e-09
   0.999134 0.000288688 0.000288702 0.000288713 7.31282e-08 7.66542e-08 7.33593e-08 1.80738e-11
   0.953069   0.0155505   0.0155499   0.0155493 9.36841e-05 9.38315e-05  9.3714e-05 4.65409e-07
 0.00012586    0.570318    0.253279    0.175041 7.61241e-05 0.000136279  0.00102399 4.23227e-08
   0.998523  0.00049224  0.00049225 0.000492276 2.02832e-07   2.096e-07 2.10777e-07 8.58269e-11
   0.999002 0.000332422 0.000332444 0.000332429 9.57536e-08 1.03677e-07 9.62961e-08 2.91963e-11
    0.98815  0.00394047   0.0039408  0.00393987 9.60024e-06 9.55676e-06 9.53872e-06 2.05894e-08
    0.98503  0.00497533  0.00497645  0.00497472 1.42845e-05  1.4382e-05 1.43135e-05 3.65229e-08
  0.0196816    0.403838    0.286789    0.283964  0.00202222  0.00201346  0.00168532 6.42814e-06
 0.00749564    0.700478 2.78093e-05     0.28869  0.00214632 0.000286255 0.000874484 9.21251e-07
    0.97184  0.00934598  0.00934535  0.00934453 4.14606e-05 4.15739e-05 4.14492e-05 1.57593e-07
5.70489e-11 3.22326e-06 6.19297e-06 7.33915e-06    0.136864    0.224262    0.638846 1.12925e-05
   0.999917  2.7568e-05 2.75676e-05 2.75667e-05 8.46275e-10 8.06141e-10 8.16047e-10 3.51506e-14
   0.995699  0.00143195  0.00143227  0.00143184 1.52206e-06 1.54125e-06 1.53141e-06 1.51421e-09
3.57543e-05    0.288163    0.115454    0.595327 0.000776162 5.55575e-05 0.000188164 1.64455e-08
  0.0340792    0.929766   0.0158641   0.0158738    0.002122  0.00212365 0.000166446  4.8816e-06
0.000936877    0.934775   0.0305186   0.0329176   0.0004037 0.000408469 3.93729e-05  1.6954e-07
   0.999938 2.05342e-05 2.05339e-05 2.05335e-05 4.66238e-10 7.46281e-10 4.62629e-10 8.41227e-15
0.000776841    0.430293   0.0838177    0.483455 0.000199487 2.46449e-06  0.00145507 2.55883e-07
   0.999947 1.76538e-05 1.76536e-05 1.76533e-05  3.1196e-10 8.33926e-10  3.1468e-10 6.62223e-15
   0.962954   0.0122846   0.0122849   0.0122822 6.45708e-05 6.47173e-05 6.46057e-05 2.85376e-07
   0.998565 0.000478279 0.000478289  0.00047831  1.9235e-07 2.01276e-07 1.98106e-07 7.87656e-11
   0.944418   0.0184059   0.0184039   0.0184069  0.00012144 0.000121593 0.000121459 6.51091e-07
   0.985243  0.00490496   0.0049059  0.00490433 1.39393e-05 1.40403e-05 1.39585e-05 3.52808e-08
3.75015e-07    0.596475   0.0251825    0.376543 0.000678887 4.54624e-05  0.00107553 2.45851e-09
   0.971477  0.00946582  0.00946533  0.00946422 4.23315e-05 4.24422e-05 4.23236e-05  1.6211e-07
1.78287e-16    0.333335   0.0446577    0.622008 2.97825e-09 2.13826e-10 1.59605e-09 2.32773e-18
0.000580452    0.652747    0.174627    0.171492 0.000225733  0.00022436 0.000104013 6.11202e-08
3.06699e-10 0.000136551 3.39822e-05 2.22311e-05    0.145192    0.212786    0.641829 2.05102e-07
  0.0013467    0.496501    0.250688     0.25038 0.000402813  0.00040263 0.000277928  2.2552e-07
 2.8393e-08 7.40407e-05 0.000273507 6.50953e-06    0.785638   0.0446725    0.169211 0.000124816
   0.999512 0.000162674 0.000162675 0.000162668 2.45617e-08 2.47357e-08 2.49802e-08 4.31419e-12
   0.995818  0.00139243  0.00139268  0.00139232 1.44605e-06 1.46447e-06 1.45493e-06 1.40453e-09
   0.978016   0.0073007  0.00730209  0.00729883 2.74796e-05 2.75922e-05 2.75104e-05 9.02065e-08
   0.983834  0.00537227  0.00537329  0.00537146 1.63234e-05 1.64428e-05 1.63554e-05 4.39236e-08
   0.983245   0.0055673  0.00556869  0.00556645 1.73481e-05 1.75153e-05 1.73806e-05 4.78712e-08
   0.965247   0.0115272   0.0115262   0.0115244 5.83102e-05  5.8431e-05 5.83323e-05 2.49132e-07
   0.990558  0.00314103  0.00314134   0.0031406  6.4098e-06 6.44181e-06 6.37744e-06 1.16843e-08
1.12954e-07 0.000501682    0.483879    0.515209  0.00021148 0.000198646 2.21794e-07 7.80711e-11
 0.00977846    0.166565    0.414152    0.405474  0.00116119  0.00114639  0.00171898 3.18883e-06
   0.947876    0.017264   0.0172641   0.0172647 0.000110117 0.000110259 0.000110124 5.73926e-07
   0.924562   0.0249527   0.0249612   0.0249492 0.000191132 0.000191316 0.000191194 1.15684e-06
   0.992262  0.00257475  0.00257571  0.00257441 4.47234e-06 4.60253e-06 4.49486e-06 7.14959e-09
   0.983026  0.00564008   0.0056411  0.00563923 1.77416e-05 1.78935e-05 1.77687e-05 4.93393e-08
   0.979765  0.00672101  0.00672255  0.00671948  2.3919e-05 2.40245e-05 2.39292e-05 7.44564e-08
   0.998266 0.000577801 0.000577871 0.000577874 2.75586e-07 2.85316e-07  2.8211e-07  1.3179e-10
   0.983071  0.00562534  0.00562642  0.00562447 1.76578e-05 1.78237e-05 1.76974e-05  4.9076e-08
   0.399901    0.314813    0.163093    0.113304  0.00357444  0.00311789  0.00217137 2.49052e-05
    0.99977 7.65378e-05 7.65408e-05 7.65352e-05 5.89114e-09 5.63999e-09 5.45655e-09 4.08179e-13
   0.965836   0.0113322   0.0113309   0.0113308 5.67431e-05 5.68441e-05 5.67423e-05 2.40083e-07
   0.987189   0.0042592  0.00425997  0.00425867 1.09601e-05 1.09651e-05 1.09294e-05 2.49494e-08
   0.985844  0.00470566  0.00470657  0.00470513 1.29962e-05 1.30874e-05 1.30087e-05 3.18838e-08
   0.997305 0.000897798 0.000897954 0.000897758 6.40147e-07 6.78174e-07  6.6007e-07 4.95427e-10
   0.996694  0.00110117  0.00110123  0.00110104 9.30846e-07 9.57995e-07 9.55765e-07 7.70044e-10
   0.978907  0.00700562  0.00700655  0.00700388 2.56553e-05 2.57453e-05 2.56594e-05 8.19509e-08
 0.00195455    0.157436    0.416103    0.423072 0.000403224 0.000407491 0.000623306  3.9904e-07
    0.93931   0.0200906   0.0200907   0.0200916 0.000138645 0.000138818 0.000138665 7.71482e-07
